# BEGIN PLOT
Title=
Legend=1
LogY=1
DrawOnly=h_combine_jety
XLabel=|y_{jet}|
YLabel=
# END PLOT

# BEGIN HISTOGRAM h_combine_jety
LineColor=black
ErrorBars=1
PolyMarker=*
Title=
0.00000000e+00	2.00000000e-01	1.22400769e-01	4.61948899e-04	4.61948899e-04
2.00000000e-01	4.00000000e-01	1.21119350e-01	4.59524456e-04	4.59524456e-04
4.00000000e-01	6.00000000e-01	1.15692062e-01	4.49110951e-04	4.49110951e-04
6.00000000e-01	8.00000000e-01	1.09678983e-01	4.37283984e-04	4.37283984e-04
8.00000000e-01	1.00000000e+00	1.01301817e-01	4.20252670e-04	4.20252670e-04
1.00000000e+00	1.20000000e+00	9.16188241e-02	3.99663255e-04	3.99663255e-04
1.20000000e+00	1.40000000e+00	8.25216229e-02	3.79302534e-04	3.79302534e-04
1.40000000e+00	1.60000000e+00	7.19878379e-02	3.54267595e-04	3.54267595e-04
1.60000000e+00	1.80000000e+00	6.05910566e-02	3.25017037e-04	3.25017037e-04
1.80000000e+00	2.00000000e+00	5.14206314e-02	2.99412941e-04	2.99412941e-04
2.00000000e+00	2.20000000e+00	4.16539542e-02	2.69482137e-04	2.69482137e-04
2.20000000e+00	2.40000000e+00	3.00130931e-02	2.28747967e-04	2.28747967e-04
2.40000000e+00	2.60000000e+00	0.00000000e+00	0.00000000e+00	0.00000000e+00
2.60000000e+00	2.80000000e+00	0.00000000e+00	0.00000000e+00	0.00000000e+00
2.80000000e+00	3.00000000e+00	0.00000000e+00	0.00000000e+00	0.00000000e+00
# END HISTOGRAM

# BEGIN PLOT
Title=
Legend=1
LogY=1
DrawOnly=h_combine_yB
XLabel=0.5|y_{Z}+y_{jet}|
YLabel=
# END PLOT

# BEGIN HISTOGRAM h_combine_yB
LineColor=black
ErrorBars=1
PolyMarker=*
Title=
0.00000000e+00	2.00000000e-01	1.52630047e-01	5.15848156e-04	5.15848156e-04
2.00000000e-01	4.00000000e-01	1.47853057e-01	5.07711521e-04	5.07711521e-04
4.00000000e-01	6.00000000e-01	1.41458167e-01	4.96610478e-04	4.96610478e-04
6.00000000e-01	8.00000000e-01	1.32237183e-01	4.80151908e-04	4.80151908e-04
8.00000000e-01	1.00000000e+00	1.20146518e-01	4.57675282e-04	4.57675282e-04
1.00000000e+00	1.20000000e+00	1.01359350e-01	4.20371992e-04	4.20371992e-04
1.20000000e+00	1.40000000e+00	8.29958350e-02	3.80390808e-04	3.80390808e-04
1.40000000e+00	1.60000000e+00	6.11419795e-02	3.26491299e-04	3.26491299e-04
1.60000000e+00	1.80000000e+00	3.85349636e-02	2.59196624e-04	2.59196624e-04
1.80000000e+00	2.00000000e+00	1.77184470e-02	1.75757834e-04	1.75757834e-04
2.00000000e+00	2.20000000e+00	3.90527613e-03	8.25140185e-05	8.25140185e-05
2.20000000e+00	2.40000000e+00	1.91776953e-05	5.78229269e-06	5.78229269e-06
2.40000000e+00	2.60000000e+00	0.00000000e+00	0.00000000e+00	0.00000000e+00
2.60000000e+00	2.80000000e+00	0.00000000e+00	0.00000000e+00	0.00000000e+00
2.80000000e+00	3.00000000e+00	0.00000000e+00	0.00000000e+00	0.00000000e+00
# END HISTOGRAM

# BEGIN PLOT
Title=
Legend=1
LogY=1
DrawOnly=h_combine_ystar
XLabel=0.5|y_{Z}-y_{jet}|
YLabel=
# END PLOT

# BEGIN HISTOGRAM h_combine_ystar
LineColor=black
ErrorBars=1
PolyMarker=*
Title=
0.00000000e+00	2.00000000e-01	2.83674725e-01	7.03253959e-04	7.03253959e-04
2.00000000e-01	4.00000000e-01	2.48148917e-01	6.57745758e-04	6.57745758e-04
4.00000000e-01	6.00000000e-01	1.93869065e-01	5.81374692e-04	5.81374692e-04
6.00000000e-01	8.00000000e-01	1.29594148e-01	4.75329271e-04	4.75329271e-04
8.00000000e-01	1.00000000e+00	7.33128423e-02	3.57513045e-04	3.57513045e-04
1.00000000e+00	1.20000000e+00	3.89464123e-02	2.60576708e-04	2.60576708e-04
1.20000000e+00	1.40000000e+00	1.92561495e-02	1.83225784e-04	1.83225784e-04
1.40000000e+00	1.60000000e+00	8.64216687e-03	1.22747651e-04	1.22747651e-04
1.60000000e+00	1.80000000e+00	3.31251101e-03	7.59942143e-05	7.59942143e-05
1.80000000e+00	2.00000000e+00	1.08266807e-03	4.34459731e-05	4.34459731e-05
2.00000000e+00	2.20000000e+00	1.60395270e-04	1.67223628e-05	1.67223628e-05
2.20000000e+00	2.40000000e+00	0.00000000e+00	0.00000000e+00	0.00000000e+00
2.40000000e+00	2.60000000e+00	0.00000000e+00	0.00000000e+00	0.00000000e+00
2.60000000e+00	2.80000000e+00	0.00000000e+00	0.00000000e+00	0.00000000e+00
2.80000000e+00	3.00000000e+00	0.00000000e+00	0.00000000e+00	0.00000000e+00
# END HISTOGRAM

# BEGIN PLOT
Title=
Legend=1
LogY=1
DrawOnly=h_combine_zy
XLabel=|y_{Z}|
YLabel=
# END PLOT

# BEGIN HISTOGRAM h_combine_zy
LineColor=black
ErrorBars=1
PolyMarker=*
Title=
0.00000000e+00	2.00000000e-01	1.31810043e-01	4.79375811e-04	4.79375811e-04
2.00000000e-01	4.00000000e-01	1.29935859e-01	4.75955529e-04	4.75955529e-04
4.00000000e-01	6.00000000e-01	1.29428522e-01	4.75025431e-04	4.75025431e-04
6.00000000e-01	8.00000000e-01	1.27740885e-01	4.71918306e-04	4.71918306e-04
8.00000000e-01	1.00000000e+00	1.19916385e-01	4.57236750e-04	4.57236750e-04
1.00000000e+00	1.20000000e+00	1.08244143e-01	4.34414254e-04	4.34414254e-04
1.20000000e+00	1.40000000e+00	9.32158031e-02	4.03131410e-04	4.03131410e-04
1.40000000e+00	1.60000000e+00	7.61371937e-02	3.64334499e-04	3.64334499e-04
1.60000000e+00	1.80000000e+00	5.35197173e-02	3.05463110e-04	3.05463110e-04
1.80000000e+00	2.00000000e+00	2.67319638e-02	2.15882429e-04	2.15882429e-04
2.00000000e+00	2.20000000e+00	3.31948471e-03	7.60741662e-05	7.60741662e-05
2.20000000e+00	2.40000000e+00	0.00000000e+00	0.00000000e+00	0.00000000e+00
2.40000000e+00	2.60000000e+00	0.00000000e+00	0.00000000e+00	0.00000000e+00
2.60000000e+00	2.80000000e+00	0.00000000e+00	0.00000000e+00	0.00000000e+00
2.80000000e+00	3.00000000e+00	0.00000000e+00	0.00000000e+00	0.00000000e+00
# END HISTOGRAM

