1     0     0     0     0
3     0     0     0     0
5     0     0     0     0
7     0     0     0     0
9     0     0     0     0
11     0     0     0     0
13     0     0     0     0
15     0     0     0     0
17     0     0     0     0
19     0     0     0     0
21     0     0     0     0
23     0     0     0     0
25     0     0     0     0
27     0     0     0     0
29     0     0     0     0
31     0     0     0     0
33     0     0     0     0
35     0     0     0     0
37     0     0     0     0
39     0     0     0     0
41     0     0     0     0
43     0     0     0     0
45     0     0     0     0
47     0     0     0     0
49     0     0     0     0
51     0     0     0     0
53     0     0     0     0
55     0     0     0     0
57     0     0     0     0
59     0     0     0     0
61     0     0     0     0
63     0     0     0     0
65     0     0     0     0
67     0     0     0     0
69     0     0     0     0
71     0     0     0     0
73     0     0     0     0
75     0     0     0     0
77     0     0     0     0
79     0     0     0     0
81     0     0     0     0
83     0     0     0     0
85     0     0     0     0
87     0     0     0     0
89     0     0     0     0
91     0     0     0     0
93     0     0     0     0
95     0     0     0     0
97     0     0     0     0
99     0     0     0     0
101     0     0     0     0
103     0     0     0     0
105     0     0     0     0
107     0     0     0     0
109     0.000486794     1.08491e-08     1.08487e-08     1.08487e-08
111     0.0016551     3.8922e-08     3.89206e-08     3.89206e-08
113     0.000973588     2.4152e-08     2.41511e-08     2.41512e-08
115     0.00136302     3.5854e-08     3.58526e-08     3.58527e-08
117     0.00146038     4.0724e-08     4.07226e-08     4.07226e-08
119     0.000778871     2.34099e-08     2.34091e-08     2.34091e-08
121     0.00107095     3.40561e-08     3.40548e-08     3.40549e-08
123     0.00136302     4.72118e-08     4.72101e-08     4.72102e-08
125     0.000876229     3.24071e-08     3.24059e-08     3.2406e-08
127     0.00126566     5.10269e-08     5.10251e-08     5.10251e-08
129     0.000973588     4.35495e-08     4.35479e-08     4.35479e-08
131     0.0016551     8.09369e-08     8.0934e-08     8.09341e-08
133     0.000973588     5.36069e-08     5.3605e-08     5.3605e-08
135     0.00146038     8.93542e-08     8.9351e-08     8.93511e-08
137     0.00146038     1.02292e-07     1.02288e-07     1.02288e-07
139     0.00136302     1.07584e-07     1.0758e-07     1.0758e-07
141     0.00107095     9.50903e-08     9.50868e-08     9.50869e-08
143     0.00136302     1.43664e-07     1.43659e-07     1.43659e-07
145     0.00146038     1.79759e-07     1.79753e-07     1.79753e-07
147     0.00204454     2.94159e-07     2.94148e-07     2.94149e-07
149     0.00214189     3.69685e-07     3.69672e-07     3.69672e-07
151     0.0016551     3.47194e-07     3.47182e-07     3.47182e-07
153     0.00214189     5.79574e-07     5.79553e-07     5.79554e-07
155     0.00116831     4.15583e-07     4.15568e-07     4.15568e-07
157     0.0016551     7.84478e-07     7.84449e-07     7.8445e-07
159     0.00107095     9.26232e-07     9.26198e-07     9.262e-07
161     0.0016551     2.19111e-06     2.19103e-06     2.19103e-06
163     0.00194718     4.06668e-06     4.06653e-06     4.06653e-06
165     0.00175246     5.28545e-06     5.28526e-06     5.28527e-06
167     0.00194718     7.25717e-06     7.2569e-06     7.25691e-06
169     0.00146038     6.46969e-06     6.46946e-06     6.46946e-06
171     0.0016551     8.50792e-06     8.50761e-06     8.50762e-06
173     0.00175246     1.01243e-05     1.0124e-05     1.0124e-05
175     0.00214189     1.38753e-05     1.38748e-05     1.38748e-05
177     0.00155774     1.11214e-05     1.1121e-05     1.1121e-05
179     0.00253133     2.00267e-05     2.0026e-05     2.0026e-05
181     0.00272605     2.44694e-05     2.44685e-05     2.44685e-05
183     0.00223925     2.23312e-05     2.23304e-05     2.23304e-05
185     0.00214189     2.41734e-05     2.41725e-05     2.41726e-05
187     0.00233661     2.90893e-05     2.90882e-05     2.90883e-05
189     0.00175246     2.44967e-05     2.44958e-05     2.44958e-05
191     0.00214189     3.25992e-05     3.2598e-05     3.2598e-05
193     0.00262869     4.36877e-05     4.36861e-05     4.36862e-05
195     0.00311548     5.54517e-05     5.54496e-05     5.54497e-05
197     0.00253133     4.85335e-05     4.85317e-05     4.85318e-05
199     0.00243397     5.01027e-05     5.01008e-05     5.01009e-05
201     0.00223925     4.88886e-05     4.88869e-05     4.88869e-05
203     0.00272605     6.37121e-05     6.37098e-05     6.37099e-05
205     0.00233661     5.78362e-05     5.78341e-05     5.78341e-05
207     0.00360228     9.46974e-05     9.46939e-05     9.4694e-05
209     0.00292076     8.18086e-05     8.18057e-05     8.18058e-05
211     0.0033102     9.75286e-05     9.75251e-05     9.75252e-05
213     0.00360228     0.000112497     0.000112493     0.000112493
215     0.00292076     9.65602e-05     9.65567e-05     9.65568e-05
217     0.00282341     9.79856e-05     9.7982e-05     9.79822e-05
219     0.0033102     0.000121264     0.00012126     0.00012126
221     0.00282341     0.000109075     0.000109071     0.000109071
223     0.00408907     0.00016536     0.000165354     0.000165354
225     0.00340756     0.000145516     0.000145511     0.000145511
227     0.00360228     0.000160975     0.000160969     0.000160969
229     0.00428379     0.000200981     0.000200974     0.000200974
231     0.00321284     0.000157881     0.000157875     0.000157875
233     0.00360228     0.000185632     0.000185626     0.000185626
235     0.00418643     0.000225798     0.00022579     0.00022579
237     0.00428379     0.000240794     0.000240785     0.000240785
239     0.00399171     0.000235278     0.000235269     0.000235269
241     0.00428379     0.000264543     0.000264533     0.000264534
243     0.00525738     0.000338056     0.000338044     0.000338044
245     0.00389435     0.000261089     0.000261079     0.00026108
247     0.00477058     0.000335082     0.00033507     0.000335071
249     0.00360228     0.000263317     0.000263308     0.000263308
251     0.00418643     0.000320045     0.000320033     0.000320034
253     0.00467322     0.000371171     0.000371158     0.000371158
255     0.00321284     0.000266558     0.000266548     0.000266549
257     0.00545209     0.000469773     0.000469756     0.000469757
259     0.00467322     0.000419074     0.000419059     0.00041906
261     0.00457586     0.000426982     0.000426966     0.000426967
263     0.00623096     0.000603925     0.000603903     0.000603904
265     0.00613361     0.000617399     0.000617376     0.000617377
267     0.00623096     0.000652615     0.000652592     0.000652593
269     0.00574417     0.000623913     0.00062389     0.000623891
271     0.00428379     0.000483622     0.000483604     0.000483605
273     0.00681512     0.000799514     0.000799485     0.000799486
275     0.00623096     0.000756434     0.000756407     0.000756408
277     0.0082755     0.00104195     0.00104191     0.00104191
279     0.00730191     0.000955696     0.000955662     0.000955663
281     0.00876229     0.00118848     0.00118843     0.00118844
283     0.00710719     0.000999983     0.000999947     0.000999948
285     0.00895701     0.00130345     0.0013034     0.00130341
287     0.0082755     0.00124665     0.0012466     0.00124661
289     0.00866493     0.00135188     0.00135183     0.00135183
291     0.00905437     0.00146323     0.00146318     0.00146318
293     0.00671776     0.00112161     0.00112157     0.00112157
295     0.00915173     0.00158217     0.00158211     0.00158211
297     0.00915173     0.00163353     0.00163347     0.00163348
299     0.0104174     0.00192284     0.00192277     0.00192278
301     0.0105148     0.00200088     0.00200081     0.00200081
303     0.010028     0.00197343     0.00197336     0.00197336
305     0.0106121     0.00215472     0.00215464     0.00215464
307     0.0110015     0.0023088     0.00230872     0.00230872
309     0.0109042     0.00235966     0.00235957     0.00235958
311     0.0123646     0.00276217     0.00276206     0.00276207
313     0.0117804     0.00271838     0.00271828     0.00271828
315     0.0146038     0.0034743     0.00347417     0.00347418
317     0.0128514     0.00315333     0.00315322     0.00315322
319     0.0139223     0.00351633     0.0035162     0.00351621
321     0.0163563     0.00425859     0.00425844     0.00425844
323     0.0149933     0.00402152     0.00402137     0.00402138
325     0.0184982     0.00510659     0.0051064     0.00510641
327     0.017914     0.00509989     0.0050997     0.00509971
329     0.0191797     0.00561597     0.00561576     0.00561577
331     0.0198612     0.00598267     0.00598245     0.00598246
333     0.0199586     0.00618821     0.00618798     0.00618799
335     0.0205427     0.00655746     0.00655722     0.00655723
337     0.0247291     0.00811204     0.00811175     0.00811176
339     0.0223925     0.00756009     0.00755981     0.00755982
341     0.0258974     0.00899599     0.00899566     0.00899568
343     0.0271631     0.00970471     0.00970444     0.00970428
345     0.0316416     0.0116326     0.0116323     0.011632
347     0.0297918     0.0113121     0.0113118     0.0113115
349     0.0322258     0.0126213     0.0126211     0.0126206
351     0.0387488     0.0156988     0.0156986     0.0156979
353     0.0367043     0.015413     0.0154129     0.015412
355     0.0402092     0.0175385     0.0175384     0.0175373
357     0.0454666     0.0205643     0.0205643     0.0205628
359     0.0438115     0.0205667     0.0205669     0.0205651
361     0.0533526     0.0259535     0.025954     0.0259512
363     0.0618228     0.031177     0.0311779     0.0311739
365     0.0635753     0.0332216     0.0332229     0.0332178
367     0.0709746     0.0384216     0.0384239     0.0384166
369     0.0779844     0.0437604     0.043764     0.0437537
371     0.0884018     0.051426     0.0514315     0.0514168
373     0.0988192     0.0596506     0.0596591     0.0596377
375     0.107289     0.067214     0.0672268     0.0671963
377     0.117902     0.0767544     0.0767738     0.0767295
379     0.139028     0.0940575     0.0940888     0.0940199
381     0.159863     0.112484     0.112535     0.112426
383     0.185663     0.13595     0.136031     0.13586
385     0.206011     0.157171     0.157294     0.157039
387     0.229669     0.182851     0.183045     0.182649
389     0.265011     0.220419     0.22073     0.220102
391     0.305901     0.265914     0.2664     0.265429
393     0.333454     0.30333     0.304036     0.302637
395     0.374442     0.355535     0.356559     0.354544
397     0.38447     0.379952     0.381212     0.378745
399     0.393135     0.402045     0.403479     0.400678
401     0.381354     0.400657     0.3993     0.402082
403     0.356333     0.381713     0.380527     0.38295
405     0.329268     0.357493     0.356535     0.358483
407     0.302299     0.331436     0.330716     0.332168
409     0.255762     0.282772     0.2823     0.283243
411     0.226165     0.252215     0.251893     0.25253
413     0.200364     0.225623     0.225406     0.225829
415     0.172325     0.19625     0.19611     0.196377
417     0.158792     0.18318     0.183081     0.183266
419     0.129293     0.151304     0.151242     0.151356
421     0.111086     0.132045     0.132004     0.132077
423     0.111281     0.134512     0.134479     0.134535
425     0.0868441     0.106813     0.106792     0.106826
427     0.0820735     0.102819     0.102803     0.102828
429     0.0738953     0.0943496     0.0943374     0.094355
431     0.0645489     0.0839714     0.0839622     0.0839745
433     0.0539368     0.0716155     0.0716087     0.071617
435     0.0506266     0.0685781     0.0685724     0.0685788
437     0.049653     0.0686035     0.0685986     0.0686036
439     0.0411828     0.0580761     0.0580723     0.0580758
441     0.0374831     0.0539248     0.0539215     0.0539241
443     0.0384567     0.0564465     0.0564434     0.0564456
445     0.0304733     0.0456492     0.0456468     0.0456483
447     0.0305707     0.046729     0.0467267     0.046728
449     0.0282341     0.0440259     0.0440238     0.0440248
451     0.0280393     0.0445795     0.0445775     0.0445783
453     0.0254107     0.0412294     0.0412276     0.0412282
455     0.0212242     0.0351137     0.0351122     0.0351127
457     0.0238529     0.0402349     0.0402333     0.0402337
459     0.0220031     0.0378566     0.0378552     0.0378553
461     0.0170378     0.0298675     0.0298664     0.0298664
463     0.0146038     0.0261251     0.0261241     0.0261242
465     0.0168431     0.0307024     0.0307013     0.0307013
467     0.0139223     0.0258963     0.0258954     0.0258954
469     0.0135329     0.0256529     0.025652     0.025652
471     0.0124619     0.0240878     0.0240869     0.0240869
473     0.0130461     0.0256984     0.0256974     0.0256975
475     0.0136302     0.0273505     0.0273495     0.0273495
477     0.0114883     0.0234889     0.0234881     0.0234881
479     0.0115857     0.024114     0.0241132     0.0241132
481     0.01032     0.0218941     0.0218933     0.0218934
483     0.0094438     0.0204154     0.0204147     0.0204147
485     0.00905437     0.0199273     0.0199265     0.0199266
487     0.00934645     0.0209173     0.0209166     0.0209166
489     0.00749663     0.017119     0.0171184     0.0171184
491     0.00837286     0.0194422     0.0194415     0.0194416
493     0.00710719     0.0167971     0.0167965     0.0167965
495     0.00730191     0.0175626     0.017562     0.017562
497     0.00623096     0.0152791     0.0152786     0.0152786
499     0.00681512     0.0169798     0.0169792     0.0169793
501     0.00642568     0.0163006     0.0163     0.0163
503     0.00623096     0.0160814     0.0160808     0.0160808
505     0.00516002     0.0135378     0.0135373     0.0135373
507     0.00486794     0.0130117     0.0130112     0.0130113
509     0.00623096     0.0169248     0.0169242     0.0169242
511     0.00593889     0.0164069     0.0164063     0.0164063
513     0.00516002     0.0145159     0.0145154     0.0145154
515     0.00360228     0.0102922     0.0102918     0.0102918
517     0.00408907     0.0118839     0.0118834     0.0118835
519     0.00379699     0.011231     0.0112306     0.0112306
521     0.00467322     0.0140455     0.014045     0.0140451
523     0.00408907     0.0124925     0.012492     0.012492
525     0.0049653     0.0154203     0.0154197     0.0154197
527     0.0033102     0.0104487     0.0104484     0.0104484
529     0.00272605     0.00873589     0.00873557     0.00873558
531     0.00418643     0.0136444     0.0136439     0.0136439
533     0.00311548     0.0103179     0.0103175     0.0103175
535     0.00233661     0.00786602     0.00786574     0.00786575
537     0.00311548     0.0106351     0.0106348     0.0106348
539     0.00311548     0.0108035     0.0108031     0.0108031
541     0.00321284     0.0113169     0.0113165     0.0113165
543     0.00272605     0.00975548     0.00975513     0.00975514
545     0.00253133     0.00920911     0.00920877     0.00920879
547     0.00301812     0.0111453     0.0111449     0.0111449
549     0.00214189     0.00801756     0.00801727     0.00801728
551     0.00282341     0.0107605     0.0107601     0.0107602
553     0.00262869     0.0101897     0.0101894     0.0101894
555     0.00204454     0.00803857     0.00803828     0.00803829
557     0.00223925     0.00892611     0.00892579     0.0089258
559     0.00233661     0.00945502     0.00945468     0.00945469
561     0.00321284     0.0132073     0.0132068     0.0132068
563     0.00136302     0.0056823     0.0056821     0.00568211
565     0.00214189     0.00905158     0.00905125     0.00905126
567     0.000973588     0.00417986     0.00417971     0.00417971
569     0.00155774     0.00675809     0.00675784     0.00675785
571     0.00204454     0.00901571     0.00901538     0.0090154
573     0.00272605     0.0121831     0.0121826     0.0121827
575     0.00223925     0.0101567     0.0101563     0.0101563
577     0.00214189     0.00987403     0.00987367     0.00987368
579     0.00194718     0.00911372     0.00911339     0.0091134
581     0.00214189     0.0101659     0.0101655     0.0101655
583     0.0016551     0.0079387     0.00793841     0.00793842
585     0.0016551     0.00807866     0.00807836     0.00807837
587     0.000876229     0.00433119     0.00433103     0.00433104
589     0.00204454     0.010256     0.0102557     0.0102557
591     0.00155774     0.00793198     0.0079317     0.00793171
593     0.00126566     0.00654089     0.00654066     0.00654067
595     0.00116831     0.00612351     0.00612328     0.00612329
597     0.000876229     0.00465626     0.00465609     0.0046561
599     0.00136302     0.00736257     0.0073623     0.00736231
601     0.000973588     0.00534147     0.00534127     0.00534128
603     0.000584153     0.00323729     0.00323717     0.00323718
605     0.000876229     0.00493698     0.0049368     0.00493681
607     0.0016551     0.00943203     0.00943168     0.0094317
609     0.00155774     0.00899306     0.00899274     0.00899275
611     0.00116831     0.00682207     0.00682182     0.00682183
613     0.0016551     0.00979666     0.0097963     0.00979631
615     0.000876229     0.00525378     0.00525359     0.0052536
617     0.000778871     0.00474428     0.00474411     0.00474411
619     0.00126566     0.00782779     0.0078275     0.00782751
621     0.000876229     0.00548288     0.00548268     0.00548268
623     0.000973588     0.00618442     0.00618419     0.0061842
625     0.000778871     0.00501257     0.00501239     0.00501239
627     0.00146038     0.00952876     0.00952841     0.00952843
629     0.000973588     0.00642213     0.00642189     0.0064219
631     0.00136302     0.00912761     0.00912727     0.00912729
633     0.000973588     0.00659426     0.00659402     0.00659403
635     0.000876229     0.00599418     0.00599396     0.00599397
637     0.000486794     0.00337077     0.00337064     0.00337065
639     0.00126566     0.00889327     0.00889295     0.00889296
641     0.000778871     0.00555476     0.00555456     0.00555457
643     0.000876229     0.00633046     0.00633022     0.00633023
645     0.000681512     0.00498228     0.0049821     0.0049821
647     0.000389435     0.00289214     0.00289203     0.00289204
649     0.000681512     0.00513228     0.00513209     0.0051321
651     0.000486794     0.00370785     0.00370771     0.00370772
653     0.000778871     0.00603032     0.0060301     0.0060301
655     0.000778871     0.0060925     0.00609228     0.00609229
657     0.000681512     0.00539945     0.00539925     0.00539926
659     0.000389435     0.00312031     0.00312019     0.0031202
661     0.000778871     0.00633187     0.00633164     0.00633165
663     0.000486794     0.00400717     0.00400702     0.00400703
665     0.000584153     0.00487905     0.00487887     0.00487888
667     0.000778871     0.00658474     0.0065845     0.00658451
669     0.000389435     0.00333358     0.00333346     0.00333346
671     0.000486794     0.00420858     0.00420843     0.00420844
673     0.000778871     0.00683141     0.00683116     0.00683117
675     0.000778871     0.0069121     0.00691185     0.00691186
677     0.000292076     0.00261497     0.00261488     0.00261488
679     0.000292076     0.00264918     0.00264909     0.00264909
681     0.000389435     0.00358117     0.00358104     0.00358104
683     0.000486794     0.00452532     0.00452516     0.00452516
685     0.000389435     0.00365059     0.00365045     0.00365046
687     0.000389435     0.00370405     0.00370392     0.00370392
689     0.000389435     0.00374156     0.00374143     0.00374143
691     0.000876229     0.00853846     0.00853815     0.00853816
693     0     0     0     0
695     0     0     0     0
697     0     0     0     0
699     0     0     0     0
701     0     0     0     0
703     0     0     0     0
705     0     0     0     0
707     0     0     0     0
709     0     0     0     0
711     0     0     0     0
713     0     0     0     0
715     0     0     0     0
717     0     0     0     0
719     0     0     0     0
721     0     0     0     0
723     0     0     0     0
725     0     0     0     0
727     0     0     0     0
729     0     0     0     0
731     0     0     0     0
733     0     0     0     0
735     0     0     0     0
737     0     0     0     0
739     0     0     0     0
741     0     0     0     0
743     0     0     0     0
745     0     0     0     0
747     0     0     0     0
749     0     0     0     0
751     0     0     0     0
753     0     0     0     0
755     0     0     0     0
757     0     0     0     0
759     0     0     0     0
761     0     0     0     0
763     0     0     0     0
765     0     0     0     0
767     0     0     0     0
769     0     0     0     0
771     0     0     0     0
773     0     0     0     0
775     0     0     0     0
777     0     0     0     0
779     0     0     0     0
781     0     0     0     0
783     0     0     0     0
785     0     0     0     0
787     0     0     0     0
789     0     0     0     0
791     0     0     0     0
793     0     0     0     0
795     0     0     0     0
797     0     0     0     0
799     0     0     0     0
801     0     0     0     0
803     0     0     0     0
805     0     0     0     0
807     0     0     0     0
809     0     0     0     0
811     0     0     0     0
813     0     0     0     0
815     0     0     0     0
817     0     0     0     0
819     0     0     0     0
821     0     0     0     0
823     0     0     0     0
825     0     0     0     0
827     0     0     0     0
829     0     0     0     0
831     0     0     0     0
833     0     0     0     0
835     0     0     0     0
837     0     0     0     0
839     0     0     0     0
841     0     0     0     0
843     0     0     0     0
845     0     0     0     0
847     0     0     0     0
849     0     0     0     0
851     0     0     0     0
853     0     0     0     0
855     0     0     0     0
857     0     0     0     0
859     0     0     0     0
861     0     0     0     0
863     0     0     0     0
865     0     0     0     0
867     0     0     0     0
869     0     0     0     0
871     0     0     0     0
873     0     0     0     0
875     0     0     0     0
877     0     0     0     0
879     0     0     0     0
881     0     0     0     0
883     0     0     0     0
885     0     0     0     0
887     0     0     0     0
889     0     0     0     0
891     0     0     0     0
893     0     0     0     0
895     0     0     0     0
897     0     0     0     0
899     0     0     0     0
901     0     0     0     0
903     0     0     0     0
905     0     0     0     0
907     0     0     0     0
909     0     0     0     0
911     0     0     0     0
913     0     0     0     0
915     0     0     0     0
917     0     0     0     0
919     0     0     0     0
921     0     0     0     0
923     0     0     0     0
925     0     0     0     0
927     0     0     0     0
929     0     0     0     0
931     0     0     0     0
933     0     0     0     0
935     0     0     0     0
937     0     0     0     0
939     0     0     0     0
941     0     0     0     0
943     0     0     0     0
945     0     0     0     0
947     0     0     0     0
949     0     0     0     0
951     0     0     0     0
953     0     0     0     0
955     0     0     0     0
957     0     0     0     0
959     0     0     0     0
961     0     0     0     0
963     0     0     0     0
965     0     0     0     0
967     0     0     0     0
969     0     0     0     0
971     0     0     0     0
973     0     0     0     0
975     0     0     0     0
977     0     0     0     0
979     0     0     0     0
981     0     0     0     0
983     0     0     0     0
985     0     0     0     0
987     0     0     0     0
989     0     0     0     0
991     0     0     0     0
993     0     0     0     0
995     0     0     0     0
997     0     0     0     0
999     0     0     0     0
1001     0     0     0     0
1003     0     0     0     0
1005     0     0     0     0
1007     0     0     0     0
1009     0     0     0     0
1011     0     0     0     0
1013     0     0     0     0
1015     0     0     0     0
1017     0     0     0     0
1019     0     0     0     0
1021     0     0     0     0
1023     0     0     0     0
1025     0     0     0     0
1027     0     0     0     0
1029     0     0     0     0
1031     0     0     0     0
1033     0     0     0     0
1035     0     0     0     0
1037     0     0     0     0
1039     0     0     0     0
1041     0     0     0     0
1043     0     0     0     0
1045     0     0     0     0
1047     0     0     0     0
1049     0     0     0     0
1051     0     0     0     0
1053     0     0     0     0
1055     0     0     0     0
1057     0     0     0     0
1059     0     0     0     0
1061     0     0     0     0
1063     0     0     0     0
1065     0     0     0     0
1067     0     0     0     0
1069     0     0     0     0
1071     0     0     0     0
1073     0     0     0     0
1075     0     0     0     0
1077     0     0     0     0
1079     0     0     0     0
1081     0     0     0     0
1083     0     0     0     0
1085     0     0     0     0
1087     0     0     0     0
1089     0     0     0     0
1091     0     0     0     0
1093     0     0     0     0
1095     0     0     0     0
1097     0     0     0     0
1099     0     0     0     0
1101     0     0     0     0
1103     0     0     0     0
1105     0     0     0     0
1107     0     0     0     0
1109     0     0     0     0
1111     0     0     0     0
1113     0     0     0     0
1115     0     0     0     0
1117     0     0     0     0
1119     0     0     0     0
1121     0     0     0     0
1123     0     0     0     0
1125     0     0     0     0
1127     0     0     0     0
1129     0     0     0     0
1131     0     0     0     0
1133     0     0     0     0
1135     0     0     0     0
1137     0     0     0     0
1139     0     0     0     0
1141     0     0     0     0
1143     0     0     0     0
1145     0     0     0     0
1147     0     0     0     0
1149     0     0     0     0
1151     0     0     0     0
1153     0     0     0     0
1155     0     0     0     0
1157     0     0     0     0
1159     0     0     0     0
1161     0     0     0     0
1163     0     0     0     0
1165     0     0     0     0
1167     0     0     0     0
1169     0     0     0     0
1171     0     0     0     0
1173     0     0     0     0
1175     0     0     0     0
1177     0     0     0     0
1179     0     0     0     0
1181     0     0     0     0
1183     0     0     0     0
1185     0     0     0     0
1187     0     0     0     0
1189     0     0     0     0
1191     0     0     0     0
1193     0     0     0     0
1195     0     0     0     0
1197     0     0     0     0
1199     0     0     0     0
1201     0     0     0     0
1203     0     0     0     0
1205     0     0     0     0
1207     0     0     0     0
1209     0     0     0     0
1211     0     0     0     0
1213     0     0     0     0
1215     0     0     0     0
1217     0     0     0     0
1219     0     0     0     0
1221     0     0     0     0
1223     0     0     0     0
1225     0     0     0     0
1227     0     0     0     0
1229     0     0     0     0
1231     0     0     0     0
1233     0     0     0     0
1235     0     0     0     0
1237     0     0     0     0
1239     0     0     0     0
1241     0     0     0     0
1243     0     0     0     0
1245     0     0     0     0
1247     0     0     0     0
1249     0     0     0     0
1251     0     0     0     0
1253     0     0     0     0
1255     0     0     0     0
1257     0     0     0     0
1259     0     0     0     0
1261     0     0     0     0
1263     0     0     0     0
1265     0     0     0     0
1267     0     0     0     0
1269     0     0     0     0
1271     0     0     0     0
1273     0     0     0     0
1275     0     0     0     0
1277     0     0     0     0
1279     0     0     0     0
1281     0     0     0     0
1283     0     0     0     0
1285     0     0     0     0
1287     0     0     0     0
1289     0     0     0     0
1291     0     0     0     0
1293     0     0     0     0
1295     0     0     0     0
1297     0     0     0     0
1299     0     0     0     0
1301     0     0     0     0
1303     0     0     0     0
1305     0     0     0     0
1307     0     0     0     0
1309     0     0     0     0
1311     0     0     0     0
1313     0     0     0     0
1315     0     0     0     0
1317     0     0     0     0
1319     0     0     0     0
1321     0     0     0     0
1323     0     0     0     0
1325     0     0     0     0
1327     0     0     0     0
1329     0     0     0     0
1331     0     0     0     0
1333     0     0     0     0
1335     0     0     0     0
1337     0     0     0     0
1339     0     0     0     0
1341     0     0     0     0
1343     0     0     0     0
1345     0     0     0     0
1347     0     0     0     0
1349     0     0     0     0
1351     0     0     0     0
1353     0     0     0     0
1355     0     0     0     0
1357     0     0     0     0
1359     0     0     0     0
1361     0     0     0     0
1363     0     0     0     0
1365     0     0     0     0
1367     0     0     0     0
1369     0     0     0     0
1371     0     0     0     0
1373     0     0     0     0
1375     0     0     0     0
1377     0     0     0     0
1379     0     0     0     0
1381     0     0     0     0
1383     0     0     0     0
1385     0     0     0     0
1387     0     0     0     0
1389     0     0     0     0
1391     0     0     0     0
1393     0     0     0     0
1395     0     0     0     0
1397     0     0     0     0
1399     0     0     0     0
1401     0     0     0     0
1403     0     0     0     0
1405     0     0     0     0
1407     0     0     0     0
1409     0     0     0     0
1411     0     0     0     0
1413     0     0     0     0
1415     0     0     0     0
1417     0     0     0     0
1419     0     0     0     0
1421     0     0     0     0
1423     0     0     0     0
1425     0     0     0     0
1427     0     0     0     0
1429     0     0     0     0
1431     0     0     0     0
1433     0     0     0     0
1435     0     0     0     0
1437     0     0     0     0
1439     0     0     0     0
1441     0     0     0     0
1443     0     0     0     0
1445     0     0     0     0
1447     0     0     0     0
1449     0     0     0     0
1451     0     0     0     0
1453     0     0     0     0
1455     0     0     0     0
1457     0     0     0     0
1459     0     0     0     0
1461     0     0     0     0
1463     0     0     0     0
1465     0     0     0     0
1467     0     0     0     0
1469     0     0     0     0
1471     0     0     0     0
1473     0     0     0     0
1475     0     0     0     0
1477     0     0     0     0
1479     0     0     0     0
1481     0     0     0     0
1483     0     0     0     0
1485     0     0     0     0
1487     0     0     0     0
1489     0     0     0     0
1491     0     0     0     0
1493     0     0     0     0
1495     0     0     0     0
1497     0     0     0     0
1499     0     0     0     0
1501     0     0     0     0
1503     0     0     0     0
1505     0     0     0     0
1507     0     0     0     0
1509     0     0     0     0
1511     0     0     0     0
1513     0     0     0     0
1515     0     0     0     0
1517     0     0     0     0
1519     0     0     0     0
1521     0     0     0     0
1523     0     0     0     0
1525     0     0     0     0
1527     0     0     0     0
1529     0     0     0     0
1531     0     0     0     0
1533     0     0     0     0
1535     0     0     0     0
1537     0     0     0     0
1539     0     0     0     0
1541     0     0     0     0
1543     0     0     0     0
1545     0     0     0     0
1547     0     0     0     0
1549     0     0     0     0
1551     0     0     0     0
1553     0     0     0     0
1555     0     0     0     0
1557     0     0     0     0
1559     0     0     0     0
1561     0     0     0     0
1563     0     0     0     0
1565     0     0     0     0
1567     0     0     0     0
1569     0     0     0     0
1571     0     0     0     0
1573     0     0     0     0
1575     0     0     0     0
1577     0     0     0     0
1579     0     0     0     0
1581     0     0     0     0
1583     0     0     0     0
1585     0     0     0     0
1587     0     0     0     0
1589     0     0     0     0
1591     0     0     0     0
1593     0     0     0     0
1595     0     0     0     0
1597     0     0     0     0
1599     0     0     0     0
1601     0     0     0     0
1603     0     0     0     0
1605     0     0     0     0
1607     0     0     0     0
1609     0     0     0     0
1611     0     0     0     0
1613     0     0     0     0
1615     0     0     0     0
1617     0     0     0     0
1619     0     0     0     0
1621     0     0     0     0
1623     0     0     0     0
1625     0     0     0     0
1627     0     0     0     0
1629     0     0     0     0
1631     0     0     0     0
1633     0     0     0     0
1635     0     0     0     0
1637     0     0     0     0
1639     0     0     0     0
1641     0     0     0     0
1643     0     0     0     0
1645     0     0     0     0
1647     0     0     0     0
1649     0     0     0     0
1651     0     0     0     0
1653     0     0     0     0
1655     0     0     0     0
1657     0     0     0     0
1659     0     0     0     0
1661     0     0     0     0
1663     0     0     0     0
1665     0     0     0     0
1667     0     0     0     0
1669     0     0     0     0
1671     0     0     0     0
1673     0     0     0     0
1675     0     0     0     0
1677     0     0     0     0
1679     0     0     0     0
1681     0     0     0     0
1683     0     0     0     0
1685     0     0     0     0
1687     0     0     0     0
1689     0     0     0     0
1691     0     0     0     0
1693     0     0     0     0
1695     0     0     0     0
1697     0     0     0     0
1699     0     0     0     0
1701     0     0     0     0
1703     0     0     0     0
1705     0     0     0     0
1707     0     0     0     0
1709     0     0     0     0
1711     0     0     0     0
1713     0     0     0     0
1715     0     0     0     0
1717     0     0     0     0
1719     0     0     0     0
1721     0     0     0     0
1723     0     0     0     0
1725     0     0     0     0
1727     0     0     0     0
1729     0     0     0     0
1731     0     0     0     0
1733     0     0     0     0
1735     0     0     0     0
1737     0     0     0     0
1739     0     0     0     0
1741     0     0     0     0
1743     0     0     0     0
1745     0     0     0     0
1747     0     0     0     0
1749     0     0     0     0
1751     0     0     0     0
1753     0     0     0     0
1755     0     0     0     0
1757     0     0     0     0
1759     0     0     0     0
1761     0     0     0     0
1763     0     0     0     0
1765     0     0     0     0
1767     0     0     0     0
1769     0     0     0     0
1771     0     0     0     0
1773     0     0     0     0
1775     0     0     0     0
1777     0     0     0     0
1779     0     0     0     0
1781     0     0     0     0
1783     0     0     0     0
1785     0     0     0     0
1787     0     0     0     0
1789     0     0     0     0
1791     0     0     0     0
1793     0     0     0     0
1795     0     0     0     0
1797     0     0     0     0
1799     0     0     0     0
1801     0     0     0     0
1803     0     0     0     0
1805     0     0     0     0
1807     0     0     0     0
1809     0     0     0     0
1811     0     0     0     0
1813     0     0     0     0
1815     0     0     0     0
1817     0     0     0     0
1819     0     0     0     0
1821     0     0     0     0
1823     0     0     0     0
1825     0     0     0     0
1827     0     0     0     0
1829     0     0     0     0
1831     0     0     0     0
1833     0     0     0     0
1835     0     0     0     0
1837     0     0     0     0
1839     0     0     0     0
1841     0     0     0     0
1843     0     0     0     0
1845     0     0     0     0
1847     0     0     0     0
1849     0     0     0     0
1851     0     0     0     0
1853     0     0     0     0
1855     0     0     0     0
1857     0     0     0     0
1859     0     0     0     0
1861     0     0     0     0
1863     0     0     0     0
1865     0     0     0     0
1867     0     0     0     0
1869     0     0     0     0
1871     0     0     0     0
1873     0     0     0     0
1875     0     0     0     0
1877     0     0     0     0
1879     0     0     0     0
1881     0     0     0     0
1883     0     0     0     0
1885     0     0     0     0
1887     0     0     0     0
1889     0     0     0     0
1891     0     0     0     0
1893     0     0     0     0
1895     0     0     0     0
1897     0     0     0     0
1899     0     0     0     0
1901     0     0     0     0
1903     0     0     0     0
1905     0     0     0     0
1907     0     0     0     0
1909     0     0     0     0
1911     0     0     0     0
1913     0     0     0     0
1915     0     0     0     0
1917     0     0     0     0
1919     0     0     0     0
1921     0     0     0     0
1923     0     0     0     0
1925     0     0     0     0
1927     0     0     0     0
1929     0     0     0     0
1931     0     0     0     0
1933     0     0     0     0
1935     0     0     0     0
1937     0     0     0     0
1939     0     0     0     0
1941     0     0     0     0
1943     0     0     0     0
1945     0     0     0     0
1947     0     0     0     0
1949     0     0     0     0
1951     0     0     0     0
1953     0     0     0     0
1955     0     0     0     0
1957     0     0     0     0
1959     0     0     0     0
1961     0     0     0     0
1963     0     0     0     0
1965     0     0     0     0
1967     0     0     0     0
1969     0     0     0     0
1971     0     0     0     0
1973     0     0     0     0
1975     0     0     0     0
1977     0     0     0     0
1979     0     0     0     0
1981     0     0     0     0
1983     0     0     0     0
1985     0     0     0     0
1987     0     0     0     0
1989     0     0     0     0
1991     0     0     0     0
1993     0     0     0     0
1995     0     0     0     0
1997     0     0     0     0
1999     0     0     0     0
2001     0     0     0     0
2003     0     0     0     0
2005     0     0     0     0
2007     0     0     0     0
2009     0     0     0     0
2011     0     0     0     0
2013     0     0     0     0
2015     0     0     0     0
2017     0     0     0     0
2019     0     0     0     0
2021     0     0     0     0
2023     0     0     0     0
2025     0     0     0     0
2027     0     0     0     0
2029     0     0     0     0
2031     0     0     0     0
2033     0     0     0     0
2035     0     0     0     0
2037     0     0     0     0
2039     0     0     0     0
2041     0     0     0     0
2043     0     0     0     0
2045     0     0     0     0
2047     0     0     0     0
2049     0     0     0     0
2051     0     0     0     0
2053     0     0     0     0
2055     0     0     0     0
2057     0     0     0     0
2059     0     0     0     0
2061     0     0     0     0
2063     0     0     0     0
2065     0     0     0     0
2067     0     0     0     0
2069     0     0     0     0
2071     0     0     0     0
2073     0     0     0     0
2075     0     0     0     0
2077     0     0     0     0
2079     0     0     0     0
2081     0     0     0     0
2083     0     0     0     0
2085     0     0     0     0
2087     0     0     0     0
2089     0     0     0     0
2091     0     0     0     0
2093     0     0     0     0
2095     0     0     0     0
2097     0     0     0     0
2099     0     0     0     0
2101     0     0     0     0
2103     0     0     0     0
2105     0     0     0     0
2107     0     0     0     0
2109     0     0     0     0
2111     0     0     0     0
2113     0     0     0     0
2115     0     0     0     0
2117     0     0     0     0
2119     0     0     0     0
2121     0     0     0     0
2123     0     0     0     0
2125     0     0     0     0
2127     0     0     0     0
2129     0     0     0     0
2131     0     0     0     0
2133     0     0     0     0
2135     0     0     0     0
2137     0     0     0     0
2139     0     0     0     0
2141     0     0     0     0
2143     0     0     0     0
2145     0     0     0     0
2147     0     0     0     0
2149     0     0     0     0
2151     0     0     0     0
2153     0     0     0     0
2155     0     0     0     0
2157     0     0     0     0
2159     0     0     0     0
2161     0     0     0     0
2163     0     0     0     0
2165     0     0     0     0
2167     0     0     0     0
2169     0     0     0     0
2171     0     0     0     0
2173     0     0     0     0
2175     0     0     0     0
2177     0     0     0     0
2179     0     0     0     0
2181     0     0     0     0
2183     0     0     0     0
2185     0     0     0     0
2187     0     0     0     0
2189     0     0     0     0
2191     0     0     0     0
2193     0     0     0     0
2195     0     0     0     0
2197     0     0     0     0
2199     0     0     0     0
2201     0     0     0     0
2203     0     0     0     0
2205     0     0     0     0
2207     0     0     0     0
2209     0     0     0     0
2211     0     0     0     0
2213     0     0     0     0
2215     0     0     0     0
2217     0     0     0     0
2219     0     0     0     0
2221     0     0     0     0
2223     0     0     0     0
2225     0     0     0     0
2227     0     0     0     0
2229     0     0     0     0
2231     0     0     0     0
2233     0     0     0     0
2235     0     0     0     0
2237     0     0     0     0
2239     0     0     0     0
2241     0     0     0     0
2243     0     0     0     0
2245     0     0     0     0
2247     0     0     0     0
2249     0     0     0     0
2251     0     0     0     0
2253     0     0     0     0
2255     0     0     0     0
2257     0     0     0     0
2259     0     0     0     0
2261     0     0     0     0
2263     0     0     0     0
2265     0     0     0     0
2267     0     0     0     0
2269     0     0     0     0
2271     0     0     0     0
2273     0     0     0     0
2275     0     0     0     0
2277     0     0     0     0
2279     0     0     0     0
2281     0     0     0     0
2283     0     0     0     0
2285     0     0     0     0
2287     0     0     0     0
2289     0     0     0     0
2291     0     0     0     0
2293     0     0     0     0
2295     0     0     0     0
2297     0     0     0     0
2299     0     0     0     0
2301     0     0     0     0
2303     0     0     0     0
2305     0     0     0     0
2307     0     0     0     0
2309     0     0     0     0
2311     0     0     0     0
2313     0     0     0     0
2315     0     0     0     0
2317     0     0     0     0
2319     0     0     0     0
2321     0     0     0     0
2323     0     0     0     0
2325     0     0     0     0
2327     0     0     0     0
2329     0     0     0     0
2331     0     0     0     0
2333     0     0     0     0
2335     0     0     0     0
2337     0     0     0     0
2339     0     0     0     0
2341     0     0     0     0
2343     0     0     0     0
2345     0     0     0     0
2347     0     0     0     0
2349     0     0     0     0
2351     0     0     0     0
2353     0     0     0     0
2355     0     0     0     0
2357     0     0     0     0
2359     0     0     0     0
2361     0     0     0     0
2363     0     0     0     0
2365     0     0     0     0
2367     0     0     0     0
2369     0     0     0     0
2371     0     0     0     0
2373     0     0     0     0
2375     0     0     0     0
2377     0     0     0     0
2379     0     0     0     0
2381     0     0     0     0
2383     0     0     0     0
2385     0     0     0     0
2387     0     0     0     0
2389     0     0     0     0
2391     0     0     0     0
2393     0     0     0     0
2395     0     0     0     0
2397     0     0     0     0
2399     0     0     0     0
2401     0     0     0     0
2403     0     0     0     0
2405     0     0     0     0
2407     0     0     0     0
2409     0     0     0     0
2411     0     0     0     0
2413     0     0     0     0
2415     0     0     0     0
2417     0     0     0     0
2419     0     0     0     0
2421     0     0     0     0
2423     0     0     0     0
2425     0     0     0     0
2427     0     0     0     0
2429     0     0     0     0
2431     0     0     0     0
2433     0     0     0     0
2435     0     0     0     0
2437     0     0     0     0
2439     0     0     0     0
2441     0     0     0     0
2443     0     0     0     0
2445     0     0     0     0
2447     0     0     0     0
2449     0     0     0     0
2451     0     0     0     0
2453     0     0     0     0
2455     0     0     0     0
2457     0     0     0     0
2459     0     0     0     0
2461     0     0     0     0
2463     0     0     0     0
2465     0     0     0     0
2467     0     0     0     0
2469     0     0     0     0
2471     0     0     0     0
2473     0     0     0     0
2475     0     0     0     0
2477     0     0     0     0
2479     0     0     0     0
2481     0     0     0     0
2483     0     0     0     0
2485     0     0     0     0
2487     0     0     0     0
2489     0     0     0     0
2491     0     0     0     0
2493     0     0     0     0
2495     0     0     0     0
2497     0     0     0     0
2499     0     0     0     0
2501     0     0     0     0
2503     0     0     0     0
2505     0     0     0     0
2507     0     0     0     0
2509     0     0     0     0
2511     0     0     0     0
2513     0     0     0     0
2515     0     0     0     0
2517     0     0     0     0
2519     0     0     0     0
2521     0     0     0     0
2523     0     0     0     0
2525     0     0     0     0
2527     0     0     0     0
2529     0     0     0     0
2531     0     0     0     0
2533     0     0     0     0
2535     0     0     0     0
2537     0     0     0     0
2539     0     0     0     0
2541     0     0     0     0
2543     0     0     0     0
2545     0     0     0     0
2547     0     0     0     0
2549     0     0     0     0
2551     0     0     0     0
2553     0     0     0     0
2555     0     0     0     0
2557     0     0     0     0
2559     0     0     0     0
2561     0     0     0     0
2563     0     0     0     0
2565     0     0     0     0
2567     0     0     0     0
2569     0     0     0     0
2571     0     0     0     0
2573     0     0     0     0
2575     0     0     0     0
2577     0     0     0     0
2579     0     0     0     0
2581     0     0     0     0
2583     0     0     0     0
2585     0     0     0     0
2587     0     0     0     0
2589     0     0     0     0
2591     0     0     0     0
2593     0     0     0     0
2595     0     0     0     0
2597     0     0     0     0
2599     0     0     0     0
2601     0     0     0     0
2603     0     0     0     0
2605     0     0     0     0
2607     0     0     0     0
2609     0     0     0     0
2611     0     0     0     0
2613     0     0     0     0
2615     0     0     0     0
2617     0     0     0     0
2619     0     0     0     0
2621     0     0     0     0
2623     0     0     0     0
2625     0     0     0     0
2627     0     0     0     0
2629     0     0     0     0
2631     0     0     0     0
2633     0     0     0     0
2635     0     0     0     0
2637     0     0     0     0
2639     0     0     0     0
2641     0     0     0     0
2643     0     0     0     0
2645     0     0     0     0
2647     0     0     0     0
2649     0     0     0     0
2651     0     0     0     0
2653     0     0     0     0
2655     0     0     0     0
2657     0     0     0     0
2659     0     0     0     0
2661     0     0     0     0
2663     0     0     0     0
2665     0     0     0     0
2667     0     0     0     0
2669     0     0     0     0
2671     0     0     0     0
2673     0     0     0     0
2675     0     0     0     0
2677     0     0     0     0
2679     0     0     0     0
2681     0     0     0     0
2683     0     0     0     0
2685     0     0     0     0
2687     0     0     0     0
2689     0     0     0     0
2691     0     0     0     0
2693     0     0     0     0
2695     0     0     0     0
2697     0     0     0     0
2699     0     0     0     0
2701     0     0     0     0
2703     0     0     0     0
2705     0     0     0     0
2707     0     0     0     0
2709     0     0     0     0
2711     0     0     0     0
2713     0     0     0     0
2715     0     0     0     0
2717     0     0     0     0
2719     0     0     0     0
2721     0     0     0     0
2723     0     0     0     0
2725     0     0     0     0
2727     0     0     0     0
2729     0     0     0     0
2731     0     0     0     0
2733     0     0     0     0
2735     0     0     0     0
2737     0     0     0     0
2739     0     0     0     0
2741     0     0     0     0
2743     0     0     0     0
2745     0     0     0     0
2747     0     0     0     0
2749     0     0     0     0
2751     0     0     0     0
2753     0     0     0     0
2755     0     0     0     0
2757     0     0     0     0
2759     0     0     0     0
2761     0     0     0     0
2763     0     0     0     0
2765     0     0     0     0
2767     0     0     0     0
2769     0     0     0     0
2771     0     0     0     0
2773     0     0     0     0
2775     0     0     0     0
2777     0     0     0     0
2779     0     0     0     0
2781     0     0     0     0
2783     0     0     0     0
2785     0     0     0     0
2787     0     0     0     0
2789     0     0     0     0
2791     0     0     0     0
2793     0     0     0     0
2795     0     0     0     0
2797     0     0     0     0
2799     0     0     0     0
2801     0     0     0     0
2803     0     0     0     0
2805     0     0     0     0
2807     0     0     0     0
2809     0     0     0     0
2811     0     0     0     0
2813     0     0     0     0
2815     0     0     0     0
2817     0     0     0     0
2819     0     0     0     0
2821     0     0     0     0
2823     0     0     0     0
2825     0     0     0     0
2827     0     0     0     0
2829     0     0     0     0
2831     0     0     0     0
2833     0     0     0     0
2835     0     0     0     0
2837     0     0     0     0
2839     0     0     0     0
2841     0     0     0     0
2843     0     0     0     0
2845     0     0     0     0
2847     0     0     0     0
2849     0     0     0     0
2851     0     0     0     0
2853     0     0     0     0
2855     0     0     0     0
2857     0     0     0     0
2859     0     0     0     0
2861     0     0     0     0
2863     0     0     0     0
2865     0     0     0     0
2867     0     0     0     0
2869     0     0     0     0
2871     0     0     0     0
2873     0     0     0     0
2875     0     0     0     0
2877     0     0     0     0
2879     0     0     0     0
2881     0     0     0     0
2883     0     0     0     0
2885     0     0     0     0
2887     0     0     0     0
2889     0     0     0     0
2891     0     0     0     0
2893     0     0     0     0
2895     0     0     0     0
2897     0     0     0     0
2899     0     0     0     0
2901     0     0     0     0
2903     0     0     0     0
2905     0     0     0     0
2907     0     0     0     0
2909     0     0     0     0
2911     0     0     0     0
2913     0     0     0     0
2915     0     0     0     0
2917     0     0     0     0
2919     0     0     0     0
2921     0     0     0     0
2923     0     0     0     0
2925     0     0     0     0
2927     0     0     0     0
2929     0     0     0     0
2931     0     0     0     0
2933     0     0     0     0
2935     0     0     0     0
2937     0     0     0     0
2939     0     0     0     0
2941     0     0     0     0
2943     0     0     0     0
2945     0     0     0     0
2947     0     0     0     0
2949     0     0     0     0
2951     0     0     0     0
2953     0     0     0     0
2955     0     0     0     0
2957     0     0     0     0
2959     0     0     0     0
2961     0     0     0     0
2963     0     0     0     0
2965     0     0     0     0
2967     0     0     0     0
2969     0     0     0     0
2971     0     0     0     0
2973     0     0     0     0
2975     0     0     0     0
2977     0     0     0     0
2979     0     0     0     0
2981     0     0     0     0
2983     0     0     0     0
2985     0     0     0     0
2987     0     0     0     0
2989     0     0     0     0
2991     0     0     0     0
2993     0     0     0     0
2995     0     0     0     0
2997     0     0     0     0
2999     0     0     0     0
3001     0     0     0     0
3003     0     0     0     0
3005     0     0     0     0
3007     0     0     0     0
3009     0     0     0     0
3011     0     0     0     0
3013     0     0     0     0
3015     0     0     0     0
3017     0     0     0     0
3019     0     0     0     0
3021     0     0     0     0
3023     0     0     0     0
3025     0     0     0     0
3027     0     0     0     0
3029     0     0     0     0
3031     0     0     0     0
3033     0     0     0     0
3035     0     0     0     0
3037     0     0     0     0
3039     0     0     0     0
3041     0     0     0     0
3043     0     0     0     0
3045     0     0     0     0
3047     0     0     0     0
3049     0     0     0     0
3051     0     0     0     0
3053     0     0     0     0
3055     0     0     0     0
3057     0     0     0     0
3059     0     0     0     0
3061     0     0     0     0
3063     0     0     0     0
3065     0     0     0     0
3067     0     0     0     0
3069     0     0     0     0
3071     0     0     0     0
3073     0     0     0     0
3075     0     0     0     0
3077     0     0     0     0
3079     0     0     0     0
3081     0     0     0     0
3083     0     0     0     0
3085     0     0     0     0
3087     0     0     0     0
3089     0     0     0     0
3091     0     0     0     0
3093     0     0     0     0
3095     0     0     0     0
3097     0     0     0     0
3099     0     0     0     0
3101     0     0     0     0
3103     0     0     0     0
3105     0     0     0     0
3107     0     0     0     0
3109     0     0     0     0
3111     0     0     0     0
3113     0     0     0     0
3115     0     0     0     0
3117     0     0     0     0
3119     0     0     0     0
3121     0     0     0     0
3123     0     0     0     0
3125     0     0     0     0
3127     0     0     0     0
3129     0     0     0     0
3131     0     0     0     0
3133     0     0     0     0
3135     0     0     0     0
3137     0     0     0     0
3139     0     0     0     0
3141     0     0     0     0
3143     0     0     0     0
3145     0     0     0     0
3147     0     0     0     0
3149     0     0     0     0
3151     0     0     0     0
3153     0     0     0     0
3155     0     0     0     0
3157     0     0     0     0
3159     0     0     0     0
3161     0     0     0     0
3163     0     0     0     0
3165     0     0     0     0
3167     0     0     0     0
3169     0     0     0     0
3171     0     0     0     0
3173     0     0     0     0
3175     0     0     0     0
3177     0     0     0     0
3179     0     0     0     0
3181     0     0     0     0
3183     0     0     0     0
3185     0     0     0     0
3187     0     0     0     0
3189     0     0     0     0
3191     0     0     0     0
3193     0     0     0     0
3195     0     0     0     0
3197     0     0     0     0
3199     0     0     0     0
3201     0     0     0     0
3203     0     0     0     0
3205     0     0     0     0
3207     0     0     0     0
3209     0     0     0     0
3211     0     0     0     0
3213     0     0     0     0
3215     0     0     0     0
3217     0     0     0     0
3219     0     0     0     0
3221     0     0     0     0
3223     0     0     0     0
3225     0     0     0     0
3227     0     0     0     0
3229     0     0     0     0
3231     0     0     0     0
3233     0     0     0     0
3235     0     0     0     0
3237     0     0     0     0
3239     0     0     0     0
3241     0     0     0     0
3243     0     0     0     0
3245     0     0     0     0
3247     0     0     0     0
3249     0     0     0     0
3251     0     0     0     0
3253     0     0     0     0
3255     0     0     0     0
3257     0     0     0     0
3259     0     0     0     0
3261     0     0     0     0
3263     0     0     0     0
3265     0     0     0     0
3267     0     0     0     0
3269     0     0     0     0
3271     0     0     0     0
3273     0     0     0     0
3275     0     0     0     0
3277     0     0     0     0
3279     0     0     0     0
3281     0     0     0     0
3283     0     0     0     0
3285     0     0     0     0
3287     0     0     0     0
3289     0     0     0     0
3291     0     0     0     0
3293     0     0     0     0
3295     0     0     0     0
3297     0     0     0     0
3299     0     0     0     0
3301     0     0     0     0
3303     0     0     0     0
3305     0     0     0     0
3307     0     0     0     0
3309     0     0     0     0
3311     0     0     0     0
3313     0     0     0     0
3315     0     0     0     0
3317     0     0     0     0
3319     0     0     0     0
3321     0     0     0     0
3323     0     0     0     0
3325     0     0     0     0
3327     0     0     0     0
3329     0     0     0     0
3331     0     0     0     0
3333     0     0     0     0
3335     0     0     0     0
3337     0     0     0     0
3339     0     0     0     0
3341     0     0     0     0
3343     0     0     0     0
3345     0     0     0     0
3347     0     0     0     0
3349     0     0     0     0
3351     0     0     0     0
3353     0     0     0     0
3355     0     0     0     0
3357     0     0     0     0
3359     0     0     0     0
3361     0     0     0     0
3363     0     0     0     0
3365     0     0     0     0
3367     0     0     0     0
3369     0     0     0     0
3371     0     0     0     0
3373     0     0     0     0
3375     0     0     0     0
3377     0     0     0     0
3379     0     0     0     0
3381     0     0     0     0
3383     0     0     0     0
3385     0     0     0     0
3387     0     0     0     0
3389     0     0     0     0
3391     0     0     0     0
3393     0     0     0     0
3395     0     0     0     0
3397     0     0     0     0
3399     0     0     0     0
3401     0     0     0     0
3403     0     0     0     0
3405     0     0     0     0
3407     0     0     0     0
3409     0     0     0     0
3411     0     0     0     0
3413     0     0     0     0
3415     0     0     0     0
3417     0     0     0     0
3419     0     0     0     0
3421     0     0     0     0
3423     0     0     0     0
3425     0     0     0     0
3427     0     0     0     0
3429     0     0     0     0
3431     0     0     0     0
3433     0     0     0     0
3435     0     0     0     0
3437     0     0     0     0
3439     0     0     0     0
3441     0     0     0     0
3443     0     0     0     0
3445     0     0     0     0
3447     0     0     0     0
3449     0     0     0     0
3451     0     0     0     0
3453     0     0     0     0
3455     0     0     0     0
3457     0     0     0     0
3459     0     0     0     0
3461     0     0     0     0
3463     0     0     0     0
3465     0     0     0     0
3467     0     0     0     0
3469     0     0     0     0
3471     0     0     0     0
3473     0     0     0     0
3475     0     0     0     0
3477     0     0     0     0
3479     0     0     0     0
3481     0     0     0     0
3483     0     0     0     0
3485     0     0     0     0
3487     0     0     0     0
3489     0     0     0     0
3491     0     0     0     0
3493     0     0     0     0
3495     0     0     0     0
3497     0     0     0     0
3499     0     0     0     0
3501     0     0     0     0
3503     0     0     0     0
3505     0     0     0     0
3507     0     0     0     0
3509     0     0     0     0
3511     0     0     0     0
3513     0     0     0     0
3515     0     0     0     0
3517     0     0     0     0
3519     0     0     0     0
3521     0     0     0     0
3523     0     0     0     0
3525     0     0     0     0
3527     0     0     0     0
3529     0     0     0     0
3531     0     0     0     0
3533     0     0     0     0
3535     0     0     0     0
3537     0     0     0     0
3539     0     0     0     0
3541     0     0     0     0
3543     0     0     0     0
3545     0     0     0     0
3547     0     0     0     0
3549     0     0     0     0
3551     0     0     0     0
3553     0     0     0     0
3555     0     0     0     0
3557     0     0     0     0
3559     0     0     0     0
3561     0     0     0     0
3563     0     0     0     0
3565     0     0     0     0
3567     0     0     0     0
3569     0     0     0     0
3571     0     0     0     0
3573     0     0     0     0
3575     0     0     0     0
3577     0     0     0     0
3579     0     0     0     0
3581     0     0     0     0
3583     0     0     0     0
3585     0     0     0     0
3587     0     0     0     0
3589     0     0     0     0
3591     0     0     0     0
3593     0     0     0     0
3595     0     0     0     0
3597     0     0     0     0
3599     0     0     0     0
3601     0     0     0     0
3603     0     0     0     0
3605     0     0     0     0
3607     0     0     0     0
3609     0     0     0     0
3611     0     0     0     0
3613     0     0     0     0
3615     0     0     0     0
3617     0     0     0     0
3619     0     0     0     0
3621     0     0     0     0
3623     0     0     0     0
3625     0     0     0     0
3627     0     0     0     0
3629     0     0     0     0
3631     0     0     0     0
3633     0     0     0     0
3635     0     0     0     0
3637     0     0     0     0
3639     0     0     0     0
3641     0     0     0     0
3643     0     0     0     0
3645     0     0     0     0
3647     0     0     0     0
3649     0     0     0     0
3651     0     0     0     0
3653     0     0     0     0
3655     0     0     0     0
3657     0     0     0     0
3659     0     0     0     0
3661     0     0     0     0
3663     0     0     0     0
3665     0     0     0     0
3667     0     0     0     0
3669     0     0     0     0
3671     0     0     0     0
3673     0     0     0     0
3675     0     0     0     0
3677     0     0     0     0
3679     0     0     0     0
3681     0     0     0     0
3683     0     0     0     0
3685     0     0     0     0
3687     0     0     0     0
3689     0     0     0     0
3691     0     0     0     0
3693     0     0     0     0
3695     0     0     0     0
3697     0     0     0     0
3699     0     0     0     0
3701     0     0     0     0
3703     0     0     0     0
3705     0     0     0     0
3707     0     0     0     0
3709     0     0     0     0
3711     0     0     0     0
3713     0     0     0     0
3715     0     0     0     0
3717     0     0     0     0
3719     0     0     0     0
3721     0     0     0     0
3723     0     0     0     0
3725     0     0     0     0
3727     0     0     0     0
3729     0     0     0     0
3731     0     0     0     0
3733     0     0     0     0
3735     0     0     0     0
3737     0     0     0     0
3739     0     0     0     0
3741     0     0     0     0
3743     0     0     0     0
3745     0     0     0     0
3747     0     0     0     0
3749     0     0     0     0
3751     0     0     0     0
3753     0     0     0     0
3755     0     0     0     0
3757     0     0     0     0
3759     0     0     0     0
3761     0     0     0     0
3763     0     0     0     0
3765     0     0     0     0
3767     0     0     0     0
3769     0     0     0     0
3771     0     0     0     0
3773     0     0     0     0
3775     0     0     0     0
3777     0     0     0     0
3779     0     0     0     0
3781     0     0     0     0
3783     0     0     0     0
3785     0     0     0     0
3787     0     0     0     0
3789     0     0     0     0
3791     0     0     0     0
3793     0     0     0     0
3795     0     0     0     0
3797     0     0     0     0
3799     0     0     0     0
3801     0     0     0     0
3803     0     0     0     0
3805     0     0     0     0
3807     0     0     0     0
3809     0     0     0     0
3811     0     0     0     0
3813     0     0     0     0
3815     0     0     0     0
3817     0     0     0     0
3819     0     0     0     0
3821     0     0     0     0
3823     0     0     0     0
3825     0     0     0     0
3827     0     0     0     0
3829     0     0     0     0
3831     0     0     0     0
3833     0     0     0     0
3835     0     0     0     0
3837     0     0     0     0
3839     0     0     0     0
3841     0     0     0     0
3843     0     0     0     0
3845     0     0     0     0
3847     0     0     0     0
3849     0     0     0     0
3851     0     0     0     0
3853     0     0     0     0
3855     0     0     0     0
3857     0     0     0     0
3859     0     0     0     0
3861     0     0     0     0
3863     0     0     0     0
3865     0     0     0     0
3867     0     0     0     0
3869     0     0     0     0
3871     0     0     0     0
3873     0     0     0     0
3875     0     0     0     0
3877     0     0     0     0
3879     0     0     0     0
3881     0     0     0     0
3883     0     0     0     0
3885     0     0     0     0
3887     0     0     0     0
3889     0     0     0     0
3891     0     0     0     0
3893     0     0     0     0
3895     0     0     0     0
3897     0     0     0     0
3899     0     0     0     0
3901     0     0     0     0
3903     0     0     0     0
3905     0     0     0     0
3907     0     0     0     0
3909     0     0     0     0
3911     0     0     0     0
3913     0     0     0     0
3915     0     0     0     0
3917     0     0     0     0
3919     0     0     0     0
3921     0     0     0     0
3923     0     0     0     0
3925     0     0     0     0
3927     0     0     0     0
3929     0     0     0     0
3931     0     0     0     0
3933     0     0     0     0
3935     0     0     0     0
3937     0     0     0     0
3939     0     0     0     0
3941     0     0     0     0
3943     0     0     0     0
3945     0     0     0     0
3947     0     0     0     0
3949     0     0     0     0
3951     0     0     0     0
3953     0     0     0     0
3955     0     0     0     0
3957     0     0     0     0
3959     0     0     0     0
3961     0     0     0     0
3963     0     0     0     0
3965     0     0     0     0
3967     0     0     0     0
3969     0     0     0     0
3971     0     0     0     0
3973     0     0     0     0
3975     0     0     0     0
3977     0     0     0     0
3979     0     0     0     0
3981     0     0     0     0
3983     0     0     0     0
3985     0     0     0     0
3987     0     0     0     0
3989     0     0     0     0
3991     0     0     0     0
3993     0     0     0     0
3995     0     0     0     0
3997     0     0     0     0
3999     0     0     0     0
4001     0     0     0     0
4003     0     0     0     0
4005     0     0     0     0
4007     0     0     0     0
4009     0     0     0     0
4011     0     0     0     0
4013     0     0     0     0
4015     0     0     0     0
4017     0     0     0     0
4019     0     0     0     0
4021     0     0     0     0
4023     0     0     0     0
4025     0     0     0     0
4027     0     0     0     0
4029     0     0     0     0
4031     0     0     0     0
4033     0     0     0     0
4035     0     0     0     0
4037     0     0     0     0
4039     0     0     0     0
4041     0     0     0     0
4043     0     0     0     0
4045     0     0     0     0
4047     0     0     0     0
4049     0     0     0     0
4051     0     0     0     0
4053     0     0     0     0
4055     0     0     0     0
4057     0     0     0     0
4059     0     0     0     0
4061     0     0     0     0
4063     0     0     0     0
4065     0     0     0     0
4067     0     0     0     0
4069     0     0     0     0
4071     0     0     0     0
4073     0     0     0     0
4075     0     0     0     0
4077     0     0     0     0
4079     0     0     0     0
4081     0     0     0     0
4083     0     0     0     0
4085     0     0     0     0
4087     0     0     0     0
4089     0     0     0     0
4091     0     0     0     0
4093     0     0     0     0
4095     0     0     0     0
4097     0     0     0     0
4099     0     0     0     0
4101     0     0     0     0
4103     0     0     0     0
4105     0     0     0     0
4107     0     0     0     0
4109     0     0     0     0
4111     0     0     0     0
4113     0     0     0     0
4115     0     0     0     0
4117     0     0     0     0
4119     0     0     0     0
4121     0     0     0     0
4123     0     0     0     0
4125     0     0     0     0
4127     0     0     0     0
4129     0     0     0     0
4131     0     0     0     0
4133     0     0     0     0
4135     0     0     0     0
4137     0     0     0     0
4139     0     0     0     0
4141     0     0     0     0
4143     0     0     0     0
4145     0     0     0     0
4147     0     0     0     0
4149     0     0     0     0
4151     0     0     0     0
4153     0     0     0     0
4155     0     0     0     0
4157     0     0     0     0
4159     0     0     0     0
4161     0     0     0     0
4163     0     0     0     0
4165     0     0     0     0
4167     0     0     0     0
4169     0     0     0     0
4171     0     0     0     0
4173     0     0     0     0
4175     0     0     0     0
4177     0     0     0     0
4179     0     0     0     0
4181     0     0     0     0
4183     0     0     0     0
4185     0     0     0     0
4187     0     0     0     0
4189     0     0     0     0
4191     0     0     0     0
4193     0     0     0     0
4195     0     0     0     0
4197     0     0     0     0
4199     0     0     0     0
4201     0     0     0     0
4203     0     0     0     0
4205     0     0     0     0
4207     0     0     0     0
4209     0     0     0     0
4211     0     0     0     0
4213     0     0     0     0
4215     0     0     0     0
4217     0     0     0     0
4219     0     0     0     0
4221     0     0     0     0
4223     0     0     0     0
4225     0     0     0     0
4227     0     0     0     0
4229     0     0     0     0
4231     0     0     0     0
4233     0     0     0     0
4235     0     0     0     0
4237     0     0     0     0
4239     0     0     0     0
4241     0     0     0     0
4243     0     0     0     0
4245     0     0     0     0
4247     0     0     0     0
4249     0     0     0     0
4251     0     0     0     0
4253     0     0     0     0
4255     0     0     0     0
4257     0     0     0     0
4259     0     0     0     0
4261     0     0     0     0
4263     0     0     0     0
4265     0     0     0     0
4267     0     0     0     0
4269     0     0     0     0
4271     0     0     0     0
4273     0     0     0     0
4275     0     0     0     0
4277     0     0     0     0
4279     0     0     0     0
4281     0     0     0     0
4283     0     0     0     0
4285     0     0     0     0
4287     0     0     0     0
4289     0     0     0     0
4291     0     0     0     0
4293     0     0     0     0
4295     0     0     0     0
4297     0     0     0     0
4299     0     0     0     0
4301     0     0     0     0
4303     0     0     0     0
4305     0     0     0     0
4307     0     0     0     0
4309     0     0     0     0
4311     0     0     0     0
4313     0     0     0     0
4315     0     0     0     0
4317     0     0     0     0
4319     0     0     0     0
4321     0     0     0     0
4323     0     0     0     0
4325     0     0     0     0
4327     0     0     0     0
4329     0     0     0     0
4331     0     0     0     0
4333     0     0     0     0
4335     0     0     0     0
4337     0     0     0     0
4339     0     0     0     0
4341     0     0     0     0
4343     0     0     0     0
4345     0     0     0     0
4347     0     0     0     0
4349     0     0     0     0
4351     0     0     0     0
4353     0     0     0     0
4355     0     0     0     0
4357     0     0     0     0
4359     0     0     0     0
4361     0     0     0     0
4363     0     0     0     0
4365     0     0     0     0
4367     0     0     0     0
4369     0     0     0     0
4371     0     0     0     0
4373     0     0     0     0
4375     0     0     0     0
4377     0     0     0     0
4379     0     0     0     0
4381     0     0     0     0
4383     0     0     0     0
4385     0     0     0     0
4387     0     0     0     0
4389     0     0     0     0
4391     0     0     0     0
4393     0     0     0     0
4395     0     0     0     0
4397     0     0     0     0
4399     0     0     0     0
4401     0     0     0     0
4403     0     0     0     0
4405     0     0     0     0
4407     0     0     0     0
4409     0     0     0     0
4411     0     0     0     0
4413     0     0     0     0
4415     0     0     0     0
4417     0     0     0     0
4419     0     0     0     0
4421     0     0     0     0
4423     0     0     0     0
4425     0     0     0     0
4427     0     0     0     0
4429     0     0     0     0
4431     0     0     0     0
4433     0     0     0     0
4435     0     0     0     0
4437     0     0     0     0
4439     0     0     0     0
4441     0     0     0     0
4443     0     0     0     0
4445     0     0     0     0
4447     0     0     0     0
4449     0     0     0     0
4451     0     0     0     0
4453     0     0     0     0
4455     0     0     0     0
4457     0     0     0     0
4459     0     0     0     0
4461     0     0     0     0
4463     0     0     0     0
4465     0     0     0     0
4467     0     0     0     0
4469     0     0     0     0
4471     0     0     0     0
4473     0     0     0     0
4475     0     0     0     0
4477     0     0     0     0
4479     0     0     0     0
4481     0     0     0     0
4483     0     0     0     0
4485     0     0     0     0
4487     0     0     0     0
4489     0     0     0     0
4491     0     0     0     0
4493     0     0     0     0
4495     0     0     0     0
4497     0     0     0     0
4499     0     0     0     0
4501     0     0     0     0
4503     0     0     0     0
4505     0     0     0     0
4507     0     0     0     0
4509     0     0     0     0
4511     0     0     0     0
4513     0     0     0     0
4515     0     0     0     0
4517     0     0     0     0
4519     0     0     0     0
4521     0     0     0     0
4523     0     0     0     0
4525     0     0     0     0
4527     0     0     0     0
4529     0     0     0     0
4531     0     0     0     0
4533     0     0     0     0
4535     0     0     0     0
4537     0     0     0     0
4539     0     0     0     0
4541     0     0     0     0
4543     0     0     0     0
4545     0     0     0     0
4547     0     0     0     0
4549     0     0     0     0
4551     0     0     0     0
4553     0     0     0     0
4555     0     0     0     0
4557     0     0     0     0
4559     0     0     0     0
4561     0     0     0     0
4563     0     0     0     0
4565     0     0     0     0
4567     0     0     0     0
4569     0     0     0     0
4571     0     0     0     0
4573     0     0     0     0
4575     0     0     0     0
4577     0     0     0     0
4579     0     0     0     0
4581     0     0     0     0
4583     0     0     0     0
4585     0     0     0     0
4587     0     0     0     0
4589     0     0     0     0
4591     0     0     0     0
4593     0     0     0     0
4595     0     0     0     0
4597     0     0     0     0
4599     0     0     0     0
4601     0     0     0     0
4603     0     0     0     0
4605     0     0     0     0
4607     0     0     0     0
4609     0     0     0     0
4611     0     0     0     0
4613     0     0     0     0
4615     0     0     0     0
4617     0     0     0     0
4619     0     0     0     0
4621     0     0     0     0
4623     0     0     0     0
4625     0     0     0     0
4627     0     0     0     0
4629     0     0     0     0
4631     0     0     0     0
4633     0     0     0     0
4635     0     0     0     0
4637     0     0     0     0
4639     0     0     0     0
4641     0     0     0     0
4643     0     0     0     0
4645     0     0     0     0
4647     0     0     0     0
4649     0     0     0     0
4651     0     0     0     0
4653     0     0     0     0
4655     0     0     0     0
4657     0     0     0     0
4659     0     0     0     0
4661     0     0     0     0
4663     0     0     0     0
4665     0     0     0     0
4667     0     0     0     0
4669     0     0     0     0
4671     0     0     0     0
4673     0     0     0     0
4675     0     0     0     0
4677     0     0     0     0
4679     0     0     0     0
4681     0     0     0     0
4683     0     0     0     0
4685     0     0     0     0
4687     0     0     0     0
4689     0     0     0     0
4691     0     0     0     0
4693     0     0     0     0
4695     0     0     0     0
4697     0     0     0     0
4699     0     0     0     0
4701     0     0     0     0
4703     0     0     0     0
4705     0     0     0     0
4707     0     0     0     0
4709     0     0     0     0
4711     0     0     0     0
4713     0     0     0     0
4715     0     0     0     0
4717     0     0     0     0
4719     0     0     0     0
4721     0     0     0     0
4723     0     0     0     0
4725     0     0     0     0
4727     0     0     0     0
4729     0     0     0     0
4731     0     0     0     0
4733     0     0     0     0
4735     0     0     0     0
4737     0     0     0     0
4739     0     0     0     0
4741     0     0     0     0
4743     0     0     0     0
4745     0     0     0     0
4747     0     0     0     0
4749     0     0     0     0
4751     0     0     0     0
4753     0     0     0     0
4755     0     0     0     0
4757     0     0     0     0
4759     0     0     0     0
4761     0     0     0     0
4763     0     0     0     0
4765     0     0     0     0
4767     0     0     0     0
4769     0     0     0     0
4771     0     0     0     0
4773     0     0     0     0
4775     0     0     0     0
4777     0     0     0     0
4779     0     0     0     0
4781     0     0     0     0
4783     0     0     0     0
4785     0     0     0     0
4787     0     0     0     0
4789     0     0     0     0
4791     0     0     0     0
4793     0     0     0     0
4795     0     0     0     0
4797     0     0     0     0
4799     0     0     0     0
4801     0     0     0     0
4803     0     0     0     0
4805     0     0     0     0
4807     0     0     0     0
4809     0     0     0     0
4811     0     0     0     0
4813     0     0     0     0
4815     0     0     0     0
4817     0     0     0     0
4819     0     0     0     0
4821     0     0     0     0
4823     0     0     0     0
4825     0     0     0     0
4827     0     0     0     0
4829     0     0     0     0
4831     0     0     0     0
4833     0     0     0     0
4835     0     0     0     0
4837     0     0     0     0
4839     0     0     0     0
4841     0     0     0     0
4843     0     0     0     0
4845     0     0     0     0
4847     0     0     0     0
4849     0     0     0     0
4851     0     0     0     0
4853     0     0     0     0
4855     0     0     0     0
4857     0     0     0     0
4859     0     0     0     0
4861     0     0     0     0
4863     0     0     0     0
4865     0     0     0     0
4867     0     0     0     0
4869     0     0     0     0
4871     0     0     0     0
4873     0     0     0     0
4875     0     0     0     0
4877     0     0     0     0
4879     0     0     0     0
4881     0     0     0     0
4883     0     0     0     0
4885     0     0     0     0
4887     0     0     0     0
4889     0     0     0     0
4891     0     0     0     0
4893     0     0     0     0
4895     0     0     0     0
4897     0     0     0     0
4899     0     0     0     0
4901     0     0     0     0
4903     0     0     0     0
4905     0     0     0     0
4907     0     0     0     0
4909     0     0     0     0
4911     0     0     0     0
4913     0     0     0     0
4915     0     0     0     0
4917     0     0     0     0
4919     0     0     0     0
4921     0     0     0     0
4923     0     0     0     0
4925     0     0     0     0
4927     0     0     0     0
4929     0     0     0     0
4931     0     0     0     0
4933     0     0     0     0
4935     0     0     0     0
4937     0     0     0     0
4939     0     0     0     0
4941     0     0     0     0
4943     0     0     0     0
4945     0     0     0     0
4947     0     0     0     0
4949     0     0     0     0
4951     0     0     0     0
4953     0     0     0     0
4955     0     0     0     0
4957     0     0     0     0
4959     0     0     0     0
4961     0     0     0     0
4963     0     0     0     0
4965     0     0     0     0
4967     0     0     0     0
4969     0     0     0     0
4971     0     0     0     0
4973     0     0     0     0
4975     0     0     0     0
4977     0     0     0     0
4979     0     0     0     0
4981     0     0     0     0
4983     0     0     0     0
4985     0     0     0     0
4987     0     0     0     0
4989     0     0     0     0
4991     0     0     0     0
4993     0     0     0     0
4995     0     0     0     0
4997     0     0     0     0
4999     0     0     0     0
