1     0     0     0     0
3     0     0     0     0
5     8.48365e-06     2.0942e-12     2.09394e-12     2.09431e-12
7     0     0     0     0
9     8.48365e-06     3.37808e-12     3.37766e-12     3.37826e-12
11     0     0     0     0
13     0     0     0     0
15     8.48365e-06     5.66924e-12     5.66853e-12     5.66953e-12
17     4.24182e-05     3.19262e-11     3.19223e-11     3.19279e-11
19     1.69673e-05     1.38994e-11     1.38977e-11     1.39001e-11
21     7.63528e-05     6.55844e-11     6.55763e-11     6.55878e-11
23     4.24182e-05     3.84581e-11     3.84533e-11     3.84601e-11
25     4.24182e-05     4.17601e-11     4.17549e-11     4.17623e-11
27     7.63528e-05     7.77581e-11     7.77485e-11     7.77622e-11
29     8.48365e-05     9.13346e-11     9.13233e-11     9.13394e-11
31     8.48365e-05     9.47657e-11     9.4754e-11     9.47707e-11
33     0.000118771     1.38046e-10     1.38029e-10     1.38053e-10
35     0.000110287     1.33815e-10     1.33798e-10     1.33822e-10
37     0.000203608     2.55734e-10     2.55703e-10     2.55748e-10
39     4.24182e-05     5.51688e-11     5.5162e-11     5.51717e-11
41     0.000169673     2.27463e-10     2.27435e-10     2.27475e-10
43     9.33201e-05     1.29002e-10     1.28986e-10     1.29009e-10
45     0.000101804     1.43541e-10     1.43523e-10     1.43549e-10
47     0.000161189     2.34473e-10     2.34444e-10     2.34485e-10
49     0.000169673     2.55497e-10     2.55465e-10     2.5551e-10
51     0.000144222     2.23476e-10     2.23449e-10     2.23488e-10
53     0.000195124     3.10059e-10     3.10021e-10     3.10075e-10
55     0.000212091     3.47374e-10     3.47331e-10     3.47392e-10
57     0.000169673     2.85523e-10     2.85488e-10     2.85538e-10
59     0.000178157     3.08312e-10     3.08273e-10     3.08328e-10
61     0.000237542     4.23697e-10     4.23644e-10     4.23719e-10
63     0.000212091     3.8985e-10     3.89802e-10     3.8987e-10
65     0.000271477     5.15804e-10     5.1574e-10     5.15831e-10
67     0.000262993     5.17724e-10     5.17659e-10     5.17751e-10
69     0.000296928     6.02271e-10     6.02197e-10     6.02303e-10
71     0.000296928     6.22559e-10     6.22482e-10     6.22592e-10
73     0.000296928     6.46906e-10     6.46826e-10     6.4694e-10
75     0.000220575     4.96119e-10     4.96057e-10     4.96145e-10
77     0.00027996     6.53304e-10     6.53223e-10     6.53338e-10
79     0.000246026     5.95331e-10     5.95257e-10     5.95362e-10
81     0.000364797     9.20045e-10     9.19931e-10     9.20093e-10
83     0.000381764     9.98662e-10     9.98539e-10     9.98715e-10
85     0.000424182     1.15401e-09     1.15386e-09     1.15407e-09
87     0.000551437     1.56856e-09     1.56837e-09     1.56864e-09
89     0.00044115     1.30657e-09     1.3064e-09     1.30663e-09
91     0.000432666     1.33913e-09     1.33897e-09     1.3392e-09
93     0.000415699     1.33774e-09     1.33757e-09     1.33781e-09
95     0.000407215     1.37039e-09     1.37022e-09     1.37046e-09
97     0.000398731     1.39801e-09     1.39784e-09     1.39808e-09
99     0.000398731     1.46392e-09     1.46374e-09     1.464e-09
101     0.000458117     1.76109e-09     1.76088e-09     1.76119e-09
103     0.000381764     1.53009e-09     1.5299e-09     1.53017e-09
105     0.000432666     1.82152e-09     1.82129e-09     1.82161e-09
107     0.000483568     2.12449e-09     2.12423e-09     2.1246e-09
109     0.000466601     2.15295e-09     2.15268e-09     2.15306e-09
111     0.00053447     2.58988e-09     2.58956e-09     2.59001e-09
113     0.000492051     2.51773e-09     2.51742e-09     2.51786e-09
115     0.000509019     2.7564e-09     2.75605e-09     2.75654e-09
117     0.000500535     2.88184e-09     2.88148e-09     2.88199e-09
119     0.00053447     3.29036e-09     3.28995e-09     3.29053e-09
121     0.000576888     3.79546e-09     3.79499e-09     3.79566e-09
123     0.000483568     3.42147e-09     3.42105e-09     3.42165e-09
125     0.000636273     4.88506e-09     4.88445e-09     4.88531e-09
127     0.000585372     4.89628e-09     4.89567e-09     4.89654e-09
129     0.000424182     3.91153e-09     3.91105e-09     3.91173e-09
131     0.00062779     6.39158e-09     6.39079e-09     6.39192e-09
133     0.000704143     7.99689e-09     7.9959e-09     7.99731e-09
135     0.000619306     7.84674e-09     7.84577e-09     7.84715e-09
137     0.000738077     1.05094e-08     1.05081e-08     1.05099e-08
139     0.000661724     1.08375e-08     1.08362e-08     1.08381e-08
141     0.000695659     1.30025e-08     1.30008e-08     1.30031e-08
143     0.000712626     1.54794e-08     1.54775e-08     1.54802e-08
145     0.000610823     1.54486e-08     1.54467e-08     1.54494e-08
147     0.000738077     2.19738e-08     2.19711e-08     2.1975e-08
149     0.000644757     2.29561e-08     2.29533e-08     2.29573e-08
151     0.000585372     2.61994e-08     2.61962e-08     2.62008e-08
153     0.000848365     4.69438e-08     4.6938e-08     4.69463e-08
155     0.000856848     6.27336e-08     6.27258e-08     6.27369e-08
157     0.000712626     6.88915e-08     6.88829e-08     6.88951e-08
159     0.000831397     1.30268e-07     1.30252e-07     1.30275e-07
161     0.000755045     2.00284e-07     2.00259e-07     2.00295e-07
163     0.000729594     3.22732e-07     3.22692e-07     3.22749e-07
165     0.00081443     5.04664e-07     5.04601e-07     5.0469e-07
167     0.000763528     5.96812e-07     5.96738e-07     5.96843e-07
169     0.000772012     7.04115e-07     7.04027e-07     7.04152e-07
171     0.000797463     8.4217e-07     8.42065e-07     8.42214e-07
173     0.000848365     1.01723e-06     1.01711e-06     1.01729e-06
175     0.000865332     1.15428e-06     1.15414e-06     1.15434e-06
177     0.000839881     1.24283e-06     1.24267e-06     1.24289e-06
179     0.000950168     1.56209e-06     1.56189e-06     1.56217e-06
181     0.000839881     1.54063e-06     1.54043e-06     1.54071e-06
183     0.000941685     1.9629e-06     1.96266e-06     1.963e-06
185     0.000958652     2.26009e-06     2.25981e-06     2.26021e-06
187     0.000950168     2.48231e-06     2.482e-06     2.48244e-06
189     0.00104349     3.01543e-06     3.01506e-06     3.01559e-06
191     0.00090775     2.87613e-06     2.87577e-06     2.87628e-06
193     0.000890783     3.05071e-06     3.05033e-06     3.05087e-06
195     0.00101804     3.76203e-06     3.76157e-06     3.76223e-06
197     0.000984103     3.90693e-06     3.90645e-06     3.90714e-06
199     0.00109439     4.6412e-06     4.64063e-06     4.64145e-06
201     0.00100107     4.52495e-06     4.52438e-06     4.52518e-06
203     0.00117923     5.69029e-06     5.68958e-06     5.69059e-06
205     0.000933201     4.77972e-06     4.77913e-06     4.77997e-06
207     0.000933201     5.07593e-06     5.0753e-06     5.07619e-06
209     0.00106046     6.11696e-06     6.1162e-06     6.11728e-06
211     0.00106894     6.52269e-06     6.52188e-06     6.52303e-06
213     0.00111984     7.23088e-06     7.22999e-06     7.23126e-06
215     0.00127255     8.70358e-06     8.7025e-06     8.70404e-06
217     0.00114529     8.24614e-06     8.24512e-06     8.24657e-06
219     0.00113681     8.63195e-06     8.63088e-06     8.6324e-06
221     0.00123861     9.88669e-06     9.88547e-06     9.88721e-06
223     0.00116226     9.72535e-06     9.72415e-06     9.72586e-06
225     0.00125558     1.10311e-05     1.10298e-05     1.10317e-05
227     0.00111984     1.03502e-05     1.03489e-05     1.03507e-05
229     0.00111984     1.08734e-05     1.08721e-05     1.0874e-05
231     0.00102652     1.04489e-05     1.04476e-05     1.04495e-05
233     0.00130648     1.39365e-05     1.39347e-05     1.39372e-05
235     0.00133193     1.48522e-05     1.48504e-05     1.4853e-05
237     0.0013489     1.57789e-05     1.57769e-05     1.57797e-05
239     0.00130648     1.59606e-05     1.59586e-05     1.59614e-05
241     0.00126406     1.61333e-05     1.61313e-05     1.61341e-05
243     0.00120468     1.60684e-05     1.60664e-05     1.60692e-05
245     0.001298     1.81221e-05     1.81199e-05     1.81231e-05
247     0.00138283     2.01007e-05     2.00982e-05     2.01018e-05
249     0.00128103     1.93853e-05     1.93829e-05     1.93863e-05
251     0.0013998     2.21495e-05     2.21468e-05     2.21507e-05
253     0.00151857     2.49961e-05     2.4993e-05     2.49974e-05
255     0.00140829     2.41742e-05     2.41712e-05     2.41755e-05
257     0.00156947     2.80507e-05     2.80472e-05     2.80522e-05
259     0.00148464     2.76225e-05     2.7619e-05     2.76239e-05
261     0.00168825     3.26596e-05     3.26556e-05     3.26613e-05
263     0.00159493     3.21078e-05     3.21038e-05     3.21095e-05
265     0.00159493     3.33054e-05     3.33013e-05     3.33072e-05
267     0.00153554     3.33149e-05     3.33108e-05     3.33167e-05
269     0.00148464     3.34856e-05     3.34815e-05     3.34874e-05
271     0.0013489     3.15761e-05     3.15722e-05     3.15778e-05
273     0.00154402     3.75873e-05     3.75826e-05     3.75892e-05
275     0.00183247     4.61631e-05     4.61573e-05     4.61655e-05
277     0.00144222     3.77285e-05     3.77238e-05     3.77305e-05
279     0.00168825     4.5812e-05     4.58063e-05     4.58144e-05
281     0.00158644     4.47e-05     4.46945e-05     4.47023e-05
283     0.00173066     5.04431e-05     5.04368e-05     5.04457e-05
285     0.0018664     5.64221e-05     5.64151e-05     5.6425e-05
287     0.00160341     5.01158e-05     5.01096e-05     5.01185e-05
289     0.00169673     5.49272e-05     5.49204e-05     5.49301e-05
291     0.00183247     6.13148e-05     6.13072e-05     6.1318e-05
293     0.00165431     5.72001e-05     5.7193e-05     5.72031e-05
295     0.00180702     6.47437e-05     6.47356e-05     6.4747e-05
297     0.00173915     6.4386e-05     6.4378e-05     6.43894e-05
299     0.00183247     7.00562e-05     7.00475e-05     7.00598e-05
301     0.0017646     6.97497e-05     6.97411e-05     6.97534e-05
303     0.00195124     7.96462e-05     7.96364e-05     7.96504e-05
305     0.00206153     8.68788e-05     8.6868e-05     8.68833e-05
307     0.00226513     9.86851e-05     9.86728e-05     9.86902e-05
309     0.00197669     8.88272e-05     8.88162e-05     8.88318e-05
311     0.00195972     9.0951e-05     9.09397e-05     9.09557e-05
313     0.00227362     0.000108788     0.000108774     0.000108793
315     0.00207001     0.000102099     0.000102087     0.000102105
317     0.002333     0.000118742     0.000118727     0.000118748
319     0.0022312     0.000117012     0.000116997     0.000117018
321     0.00218878     0.000118245     0.000118231     0.000118252
323     0.00229907     0.00012799     0.000127974     0.000127996
325     0.00237542     0.000136077     0.00013606     0.000136084
327     0.00226513     0.000133601     0.000133584     0.000133608
329     0.00241784     0.000146738     0.000146719     0.000146745
331     0.00244329     0.000152491     0.000152472     0.000152499
333     0.00251116     0.000161357     0.000161337     0.000161366
335     0.00240936     0.000159116     0.000159096     0.000159124
337     0.00266386     0.000180842     0.00018082     0.000180852
339     0.00262993     0.000183792     0.000183769     0.000183802
341     0.00240936     0.000173103     0.000173081     0.000173112
343     0.00250268     0.00018497     0.000184947     0.000184979
345     0.00299473     0.000227777     0.000227748     0.000227789
347     0.00285051     0.000223456     0.000223428     0.000223468
349     0.00267235     0.000216155     0.000216128     0.000216166
351     0.00257903     0.000215823     0.000215797     0.000215835
353     0.00263841     0.000228493     0.000228465     0.000228505
355     0.00291837     0.000261539     0.000261507     0.000261553
357     0.00278264     0.000258724     0.000258692     0.000258738
359     0.0030626     0.000295002     0.000294966     0.000295018
361     0.00315592     0.000315024     0.000314985     0.00031504
363     0.00309653     0.000319816     0.000319776     0.000319833
365     0.00332559     0.00035525     0.000355206     0.000355268
367     0.00303715     0.000334837     0.000334796     0.000334855
369     0.00319833     0.000364753     0.000364708     0.000364772
371     0.00358858     0.000422653     0.000422603     0.000422673
373     0.00363948     0.000443444     0.000443402     0.000443453
375     0.00353768     0.000445502     0.00044546     0.000445512
377     0.0037328     0.000485339     0.000485294     0.000485349
379     0.00390248     0.000523965     0.000523917     0.000523975
381     0.0031644     0.00043845     0.00043841     0.000438458
383     0.00376674     0.000538242     0.000538194     0.000538251
385     0.0040467     0.000596113     0.000596061     0.000596123
387     0.00378371     0.000574439     0.000574389     0.000574446
389     0.0039449     0.000616388     0.000616334     0.000616396
391     0.00412305     0.00066319     0.000663134     0.000663197
393     0.00403822     0.000668337     0.000668281     0.000668345
395     0.00453027     0.000771102     0.00077104     0.000771108
397     0.00475084     0.000832001     0.000831934     0.000832008
399     0.00424182     0.000762986     0.000762926     0.000762989
401     0.00444543     0.00082296     0.000822896     0.000822964
403     0.00474236     0.000901647     0.000901579     0.000901649
405     0.00471691     0.000921631     0.000921563     0.000921632
407     0.00482719     0.000968823     0.000968753     0.000968822
409     0.00520896     0.00107443     0.00107435     0.00107443
411     0.00518351     0.00109748     0.0010974     0.00109748
413     0.00523441     0.00113696     0.00113689     0.00113695
415     0.00537015     0.00119702     0.00119694     0.00119701
417     0.00558224     0.00127686     0.00127678     0.00127685
419     0.00616761     0.00144529     0.0014452     0.00144527
421     0.00570101     0.00137037     0.00137029     0.00137034
423     0.00588765     0.00144997     0.00144989     0.00144994
425     0.00582827     0.0014709     0.00147083     0.00147087
427     0.00648151     0.00167586     0.00167578     0.00167582
429     0.00602339     0.0015945     0.00159442     0.00159445
431     0.00628638     0.00170527     0.00170519     0.00170522
433     0.00686327     0.00190754     0.00190746     0.00190747
435     0.00691417     0.00196764     0.00196757     0.00196757
437     0.0071093     0.00207198     0.00207191     0.00207189
439     0.00702446     0.00209563     0.00209557     0.00209553
441     0.00771163     0.00235536     0.0023553     0.00235525
443     0.00739774     0.00231299     0.00231294     0.00231286
445     0.00788131     0.00252074     0.00252069     0.0025206
447     0.00773709     0.00253185     0.00253183     0.00253168
449     0.00808491     0.00270573     0.00270571     0.00270555
451     0.00854303     0.00292331     0.00292333     0.00292309
453     0.00917082     0.00321147     0.00321149     0.00321122
455     0.00918779     0.00328854     0.0032886     0.00328825
457     0.00917082     0.00335599     0.00335606     0.00335568
459     0.00988345     0.00369905     0.00369916     0.00369867
461     0.0104094     0.00398327     0.00398342     0.00398283
463     0.0109269     0.00427515     0.00427534     0.00427465
465     0.011173     0.00446954     0.0044698     0.00446896
467     0.0116735     0.00477484     0.00477513     0.00477419
469     0.0114529     0.00478917     0.00478955     0.00478844
471     0.0118262     0.00505504     0.00505545     0.00505426
473     0.0123522     0.00539895     0.00539953     0.00539799
475     0.0133278     0.00595416     0.00595479     0.00595309
477     0.0139132     0.00635447     0.00635534     0.00635315
479     0.0140235     0.00654724     0.00654815     0.00654586
481     0.015576     0.00743506     0.00743631     0.00743329
483     0.0146937     0.0071734     0.00717468     0.00717162
485     0.0158135     0.00789657     0.00789818     0.00789442
487     0.0167891     0.00857222     0.00857414     0.00856972
489     0.0172982     0.00903654     0.00903876     0.00903372
491     0.0177902     0.0095037     0.00950633     0.00950044
493     0.0181889     0.00994522     0.00994815     0.00994165
495     0.018664     0.010434     0.0104375     0.0104298
497     0.0193766     0.0110843     0.0110882     0.0110797
499     0.0212515     0.0124444     0.0124496     0.0124384
501     0.0211667     0.0126888     0.0126941     0.0126828
503     0.0233894     0.0143542     0.0143615     0.0143462
505     0.022821     0.0143472     0.0143545     0.0143391
507     0.0244668     0.0157542     0.0157637     0.0157441
509     0.0247298     0.0163136     0.0163239     0.0163028
511     0.0261636     0.0176893     0.0177017     0.0176762
513     0.0272749     0.018906     0.0189203     0.0188912
515     0.027224     0.019343     0.0193589     0.0193267
517     0.029311     0.02136     0.0213794     0.0213405
519     0.030363     0.0226931     0.0227148     0.0226713
521     0.0309314     0.0237118     0.0237373     0.0236866
523     0.0322209     0.0253378     0.0253658     0.0253103
525     0.0332474     0.0268111     0.026845     0.0267784
527     0.0331032     0.0273839     0.0274185     0.0273505
529     0.0349017     0.0296022     0.0296454     0.0295612
531     0.0358349     0.0311504     0.0311956     0.0311075
533     0.0362761     0.0323074     0.0323598     0.0322585
535     0.0355719     0.0324446     0.0324978     0.032395
537     0.0375232     0.0350226     0.0350842     0.0349657
539     0.0366918     0.0350147     0.0350774     0.034957
541     0.0377522     0.0368128     0.0368814     0.03675
543     0.0374807     0.0373133     0.0373841     0.0372488
545     0.0371669     0.0377198     0.0377922     0.037654
547     0.0372517     0.0385044     0.0385787     0.0384369
549     0.0362082     0.0380623     0.0381354     0.0379962
551     0.035275     0.0376714     0.0376004     0.037749
553     0.0349696     0.0378867     0.0378163     0.0379637
555     0.03424     0.0375707     0.0375038     0.0376434
557     0.034257     0.0380148     0.0379483     0.038087
559     0.0331202     0.0371128     0.0370521     0.0371781
561     0.0310332     0.0350623     0.0350065     0.035122
563     0.0311435     0.035429     0.0353769     0.0354842
565     0.0289123     0.0330827     0.0330362     0.0331319
567     0.0283778     0.0326434     0.0326011     0.0326875
569     0.0273513     0.0316161     0.0315779     0.0316555
571     0.0260193     0.0302211     0.0301871     0.0302558
573     0.0245856     0.0287     0.0286706     0.0287295
575     0.0239069     0.0280481     0.0280211     0.028075
577     0.0231519     0.0272999     0.0272766     0.0273226
579     0.0219133     0.0259664     0.0259452     0.0259871
581     0.0208867     0.0248657     0.0248482     0.0248824
583     0.0196396     0.0234869     0.0234707     0.0235021
585     0.0188761     0.0226807     0.0226674     0.0226929
587     0.0179514     0.0216813     0.021669     0.0216926
589     0.0172557     0.0209645     0.0209541     0.0209738
591     0.0164243     0.0200921     0.0200827     0.0201004
593     0.0155081     0.0191155     0.0191074     0.0191225
595     0.0148549     0.0184569     0.0184496     0.0184631
597     0.0146088     0.0183023     0.0182956     0.0183078
599     0.0131666     0.0166324     0.0166268     0.0166369
601     0.0130563     0.0166185     0.0166132     0.0166226
603     0.0114105     0.0146297     0.0146254     0.0146329
605     0.0118262     0.015268     0.0152637     0.0152712
607     0.0110203     0.0143304     0.0143268     0.014333
609     0.00996828     0.0130617     0.0130585     0.013064
611     0.0103925     0.0137316     0.0137285     0.0137337
613     0.00937443     0.0124995     0.0124967     0.0125014
615     0.00901812     0.0121394     0.0121369     0.012141
617     0.00889935     0.0121022     0.0120997     0.0121037
619     0.00841578     0.0115626     0.0115604     0.0115639
621     0.0082461     0.0114463     0.0114442     0.0114476
623     0.00745713     0.0104592     0.0104573     0.0104603
625     0.00768618     0.010889     0.0108871     0.0108901
627     0.00646454     0.00925254     0.009251     0.00925341
629     0.00687175     0.0099328     0.0099312     0.00993367
631     0.00659179     0.00962502     0.0096235     0.00962585
633     0.00647302     0.00954648     0.00954502     0.00954724
635     0.00638819     0.00952     0.00951855     0.00952075
637     0.005964     0.00897937     0.00897805     0.00898003
639     0.00588765     0.00896032     0.00895902     0.00896098
641     0.00590462     0.00908574     0.00908445     0.00908637
643     0.00546347     0.00850307     0.00850187     0.00850365
645     0.0049799     0.00784345     0.00784237     0.00784397
647     0.00465752     0.00742217     0.00742115     0.00742265
649     0.00465752     0.00751092     0.00750991     0.0075114
651     0.00469994     0.00766986     0.00766883     0.00767034
653     0.00426727     0.00704596     0.00704502     0.00704639
655     0.00433514     0.00724189     0.00724094     0.00724233
657     0.0045133     0.00762486     0.00762385     0.00762531
659     0.00362252     0.00618882     0.00618802     0.00618918
661     0.00383461     0.0066274     0.00662654     0.00662779
663     0.00371584     0.00649642     0.00649559     0.00649679
665     0.00348678     0.00616473     0.00616394     0.00616508
667     0.00348678     0.00623642     0.00623562     0.00623676
669     0.00317288     0.00573795     0.00573722     0.00573826
671     0.00333407     0.00609785     0.00609708     0.00609818
673     0.00302018     0.00558649     0.00558579     0.0055868
675     0.00300321     0.00561745     0.00561675     0.00561776
677     0.0026469     0.0050055     0.00500487     0.00500577
679     0.00267235     0.00510939     0.00510875     0.00510966
681     0.00272325     0.00526133     0.00526067     0.00526161
683     0.00279112     0.00545173     0.00545105     0.00545201
685     0.00257054     0.00507646     0.00507583     0.00507673
687     0.00234149     0.00467305     0.00467247     0.0046733
689     0.002333     0.00470603     0.00470545     0.00470628
691     0.00248571     0.00507112     0.00507049     0.00507139
693     0.00234149     0.00483431     0.0048337     0.00483456
695     0.00217181     0.0045364     0.00453584     0.00453664
697     0.00189185     0.00399732     0.00399682     0.00399753
699     0.00204456     0.00436923     0.00436868     0.00436946
701     0.00196821     0.00425398     0.00425345     0.00425421
703     0.00190882     0.0041721     0.00417158     0.00417233
705     0.00216333     0.00478237     0.00478177     0.00478263
707     0.00190882     0.00426491     0.00426438     0.00426514
709     0.00182398     0.00412511     0.0041246     0.00412533
711     0.00173066     0.00395939     0.00395889     0.0039596
713     0.00149312     0.00345434     0.00345391     0.00345453
715     0.00172218     0.00403333     0.00403282     0.00403354
717     0.00164583     0.00390174     0.00390125     0.00390195
719     0.00163734     0.00392624     0.00392575     0.00392645
721     0.00164583     0.00399078     0.00399028     0.00399099
723     0.00151009     0.00370031     0.00369985     0.00370051
725     0.00123013     0.00304648     0.00304609     0.00304664
727     0.00144222     0.00360851     0.00360806     0.0036087
729     0.00150161     0.00379693     0.00379645     0.00379713
731     0.00137435     0.00351171     0.00351127     0.0035119
733     0.00145919     0.00376727     0.0037668     0.00376747
735     0.00132345     0.00345673     0.0034563     0.00345692
737     0.00127255     0.00336082     0.0033604     0.003361
739     0.00130648     0.0034877     0.00348726     0.00348789
741     0.00111136     0.00300155     0.00300117     0.00300171
743     0.00123861     0.00338493     0.0033845     0.00338511
745     0.00132345     0.00365973     0.00365928     0.00365992
747     0.00100955     0.00282568     0.00282533     0.00282583
749     0.00107742     0.00305059     0.00305021     0.00305075
751     0.00102652     0.00293608     0.00293571     0.00293623
753     0.00117074     0.0033848     0.00338438     0.00338498
755     0.00111136     0.00324712     0.00324671     0.00324729
757     0.00102652     0.00302681     0.00302643     0.00302696
759     0.000848365     0.00252915     0.00252884     0.00252929
761     0.000967136     0.00291335     0.00291299     0.0029135
763     0.000992587     0.00302235     0.00302198     0.00302251
765     0.000933201     0.00286959     0.00286924     0.00286974
767     0.000941685     0.00292822     0.00292786     0.00292838
769     0.000822914     0.00258808     0.00258776     0.00258822
771     0.000865332     0.00275085     0.00275051     0.00275099
773     0.000763528     0.00245629     0.00245598     0.00245642
775     0.00081443     0.00265062     0.00265029     0.00265076
777     0.00081443     0.00267946     0.00267913     0.0026796
779     0.000873816     0.00290612     0.00290576     0.00290627
781     0.000738077     0.00247961     0.0024793     0.00247974
783     0.000738077     0.00250663     0.00250632     0.00250676
785     0.000763528     0.0026189     0.00261858     0.00261904
787     0.00081443     0.00282205     0.0028217     0.0028222
789     0.000568404     0.00198858     0.00198834     0.00198869
791     0.000729594     0.00258034     0.00258002     0.00258048
793     0.000568404     0.00202894     0.00202869     0.00202905
795     0.000882299     0.00318357     0.00318317     0.00318373
797     0.000576888     0.00210505     0.00210479     0.00210516
799     0.000576888     0.00212628     0.00212601     0.00212639
801     0.000670208     0.00249758     0.00249727     0.00249771
803     0.00062779     0.00236351     0.00236321     0.00236363
805     0.000593855     0.00226083     0.00226055     0.00226095
807     0.000568404     0.00218726     0.00218699     0.00218737
809     0.000593855     0.00230943     0.00230915     0.00230955
811     0.00053447     0.00210145     0.00210119     0.00210156
813     0.000602339     0.00239314     0.00239284     0.00239326
815     0.000483568     0.00194191     0.00194167     0.00194201
817     0.000483568     0.00196225     0.001962     0.00196235
819     0.000458117     0.00187812     0.00187789     0.00187822
821     0.00062779     0.0025992     0.00259888     0.00259934
823     0.000576888     0.00241326     0.00241296     0.00241338
825     0.000424182     0.00179176     0.00179154     0.00179185
827     0.000483568     0.00206235     0.0020621     0.00206246
829     0.000576888     0.00248641     0.0024861     0.00248654
831     0.000432666     0.0018824     0.00188216     0.0018825
833     0.000610823     0.00268655     0.00268622     0.00268669
835     0.000322379     0.00143319     0.00143301     0.00143327
837     0.000458117     0.00205716     0.0020569     0.00205726
839     0.000432666     0.0019637     0.00196346     0.00196381
841     0.000364797     0.0016716     0.00167139     0.00167169
843     0.00044115     0.00204345     0.00204319     0.00204355
845     0.000424182     0.00198211     0.00198186     0.00198221
847     0.00044115     0.00208352     0.00208326     0.00208363
849     0.000347829     0.00165997     0.00165977     0.00166006
851     0.000407215     0.00196246     0.00196222     0.00196257
853     0.000229058     0.00111501     0.00111488     0.00111507
855     0.000305411     0.00150334     0.00150315     0.00150342
857     0.000330862     0.00164461     0.00164441     0.0016447
859     0.000288444     0.0014483     0.00144813     0.00144838
861     0.000271477     0.00137603     0.00137586     0.0013761
863     0.000398731     0.00204306     0.00204281     0.00204317
865     0.000246026     0.00127264     0.00127248     0.00127271
867     0.000381764     0.00199544     0.00199519     0.00199554
869     0.000364797     0.00192498     0.00192474     0.00192508
871     0.000330862     0.00176256     0.00176234     0.00176265
873     0.000347829     0.00187134     0.00187111     0.00187144
875     0.000296928     0.00161291     0.00161271     0.00161299
877     0.000347829     0.00190626     0.00190602     0.00190636
879     0.000288444     0.00159684     0.00159664     0.00159692
881     0.000288444     0.00161288     0.00161268     0.00161297
883     0.000254509     0.00143657     0.00143639     0.00143664
885     0.000254509     0.00145053     0.00145035     0.0014506
887     0.000288444     0.00165924     0.00165904     0.00165933
889     0.000288444     0.00167605     0.00167584     0.00167614
891     0.000237542     0.00139184     0.00139167     0.00139192
893     0.000296928     0.00175984     0.00175962     0.00175993
895     0.000271477     0.00162653     0.00162633     0.00162662
897     0.000246026     0.00148722     0.00148703     0.0014873
899     0.000220575     0.00134586     0.00134569     0.00134593
901     0.000313895     0.00193634     0.0019361     0.00193644
903     0.000246026     0.00153131     0.00153112     0.00153139
905     0.000195124     0.0012269     0.00122675     0.00122696
907     0.00018664     0.00118402     0.00118388     0.00118409
909     0.000262993     0.00168501     0.0016848     0.0016851
911     0.000195124     0.00126312     0.00126296     0.00126318
913     0.000262993     0.00171795     0.00171774     0.00171804
915     0.000271477     0.00179125     0.00179103     0.00179134
917     0.000229058     0.00152643     0.00152624     0.00152651
919     0.000229058     0.00154123     0.00154104     0.00154131
921     0.000161189     0.00109515     0.00109501     0.00109521
923     0.000169673     0.00116182     0.00116167     0.00116188
925     0.000288444     0.00199925     0.001999     0.00199935
927     0.000254509     0.00177791     0.00177769     0.001778
929     0.000220575     0.00155356     0.00155337     0.00155364
931     0.000220575     0.00157108     0.00157089     0.00157116
933     0.00018664     0.00134167     0.00134151     0.00134174
935     0.000220575     0.00160109     0.0016009     0.00160118
937     0.000203608     0.00149153     0.00149134     0.00149161
939     0.000195124     0.00144367     0.00144349     0.00144374
941     0.000203608     0.00152061     0.00152042     0.00152069
943     0.000178157     0.00134237     0.0013422     0.00134244
945     0.000169673     0.00129184     0.00129168     0.00129191
947     0.000246026     0.00188953     0.0018893     0.00188963
949     0.000152706     0.00118396     0.00118382     0.00118403
951     0.000110287     0.00086388     0.000863773     0.000863926
953     0.000169673     0.00134     0.00133983     0.00134007
955     0.000203608     0.00162161     0.00162141     0.00162169
957     0.000178157     0.00143262     0.00143244     0.00143269
959     0.000195124     0.0015829     0.00158271     0.00158299
961     0.000161189     0.0013217     0.00132153     0.00132176
963     6.78692e-05     0.000561059     0.000560989     0.000561088
965     0.000178157     0.00148618     0.001486     0.00148626
967     0.000178157     0.00150265     0.00150246     0.00150273
969     0.000178157     0.00151614     0.00151596     0.00151622
971     0.000152706     0.00131245     0.00131228     0.00131251
973     0.000161189     0.00139786     0.00139769     0.00139794
975     0.000118771     0.00103938     0.00103925     0.00103943
977     0.000135738     0.00119859     0.00119844     0.00119865
979     0.000169673     0.00151216     0.00151197     0.00151224
981     0.000169673     0.00152471     0.00152452     0.00152479
983     0.000135738     0.00123263     0.00123248     0.00123269
985     0.000169673     0.00155472     0.00155453     0.0015548
987     0.000169673     0.00156628     0.00156609     0.00156637
989     0.000127255     0.00118862     0.00118847     0.00118868
991     0.000118771     0.00111916     0.00111902     0.00111922
993     0.000135738     0.00128891     0.00128875     0.00128898
995     0.000144222     0.00138266     0.00138249     0.00138273
997     0.000178157     0.00172474     0.00172453     0.00172483
999     9.33201e-05     0.000912079     0.000911966     0.000912127
1001     0.000144222     0.00142285     0.00142267     0.00142292
1003     0.00018664     0.00185736     0.00185713     0.00185746
1005     8.48365e-05     0.000851896     0.00085179     0.000851941
1007     0.000135738     0.00137531     0.00137514     0.00137538
1009     0.000152706     0.00156218     0.00156199     0.00156226
1011     0.000144222     0.0014871     0.00148692     0.00148718
1013     0.000101804     0.00106186     0.00106173     0.00106191
1015     0.000101804     0.00107033     0.00107019     0.00107038
1017     0.000127255     0.00135069     0.00135053     0.00135076
1019     0.000118771     0.00127051     0.00127035     0.00127058
1021     9.33201e-05     0.00100907     0.00100894     0.00100912
1023     0.000135738     0.00147995     0.00147977     0.00148003
1025     0.000118771     0.00130716     0.001307     0.00130723
1027     9.33201e-05     0.00103583     0.00103571     0.00103589
1029     7.63528e-05     0.000856418     0.000856312     0.000856463
1031     8.48365e-05     0.000960259     0.00096014     0.000960309
1033     7.63528e-05     0.000871042     0.000870934     0.000871088
1035     0.000161189     0.00185832     0.00185809     0.00185842
1037     0.000118771     0.00138124     0.00138107     0.00138131
1039     6.78692e-05     0.000797404     0.000797305     0.000797445
1041     7.63528e-05     0.000904146     0.000904034     0.000904193
1043     0.000127255     0.00152165     0.00152146     0.00152173
1045     5.93855e-05     0.000716156     0.000716067     0.000716193
1047     0.000118771     0.00144738     0.00144721     0.00144746
1049     0.000127255     0.00156452     0.00156432     0.0015646
1051     7.63528e-05     0.000947102     0.000946985     0.000947152
1053     0.000101804     0.00127495     0.00127479     0.00127502
1055     0.000101804     0.00128486     0.0012847     0.00128493
1057     9.33201e-05     0.00118909     0.00118895     0.00118916
1059     0.000127255     0.00163588     0.00163568     0.00163596
1061     0.000152706     0.00198152     0.00198128     0.00198162
1063     0.000101804     0.00133532     0.00133515     0.00133539
1065     9.33201e-05     0.00123287     0.00123272     0.00123294
1067     0.000144222     0.00192329     0.00192305     0.00192339
1069     5.93855e-05     0.000800575     0.000800475     0.000800616
1071     5.93855e-05     0.000808105     0.000808005     0.000808148
1073     7.63528e-05     0.00104742     0.00104729     0.00104747
1075     6.78692e-05     0.000937337     0.000937221     0.000937386
1077     9.33201e-05     0.0013029     0.00130274     0.00130297
1079     2.54509e-05     0.000357859     0.000357814     0.000357877
1081     5.93855e-05     0.000843446     0.000843341     0.00084349
1083     0.000101804     0.00145745     0.00145727     0.00145753
1085     5.09019e-05     0.000735738     0.000735647     0.000735777
1087     5.93855e-05     0.000867192     0.000867084     0.000867237
1089     9.33201e-05     0.00137502     0.00137485     0.00137509
1091     3.39346e-05     0.00050369     0.000503628     0.000503717
1093     5.09019e-05     0.000763392     0.000763297     0.000763432
1095     4.24182e-05     0.000641523     0.000641443     0.000641556
1097     4.24182e-05     0.000648802     0.000648721     0.000648836
1099     6.78692e-05     0.00104515     0.00104502     0.0010452
1101     5.09019e-05     0.000788918     0.00078882     0.000788959
1103     5.09019e-05     0.000796804     0.000796706     0.000796846
1105     4.24182e-05     0.000669951     0.000669868     0.000669986
1107     5.93855e-05     0.000947101     0.000946983     0.00094715
1109     5.09019e-05     0.00081799     0.000817889     0.000818033
1111     7.63528e-05     0.00123871     0.00123856     0.00123878
1113     6.78692e-05     0.00111181     0.00111167     0.00111187
1115     4.24182e-05     0.000699632     0.000699546     0.000699669
1117     5.09019e-05     0.000848347     0.000848242     0.000848391
1119     4.24182e-05     0.000713617     0.000713528     0.000713654
1121     4.24182e-05     0.000718338     0.000718249     0.000718376
1123     6.78692e-05     0.00115955     0.0011594     0.00115961
1125     8.48365e-05     0.00146561     0.00146543     0.00146569
1127     7.63528e-05     0.00132904     0.00132888     0.00132911
1129     4.24182e-05     0.000745749     0.000745656     0.000745788
1131     5.93855e-05     0.00104974     0.00104961     0.0010498
1133     5.93855e-05     0.00105904     0.0010589     0.00105909
1135     5.09019e-05     0.000916199     0.000916085     0.000916247
1137     6.78692e-05     0.001232     0.00123184     0.00123206
1139     7.63528e-05     0.00139934     0.00139917     0.00139942
1141     2.54509e-05     0.000469652     0.000469593     0.000469676
1143     4.24182e-05     0.000790257     0.000790159     0.000790299
1145     2.54509e-05     0.000478207     0.000478147     0.000478232
1147     3.39346e-05     0.000641761     0.000641681     0.000641794
1149     5.09019e-05     0.000973658     0.000973537     0.000973709
1151     1.69673e-05     0.000327404     0.000327363     0.000327421
1153     3.39346e-05     0.000660402     0.00066032     0.000660437
1155     5.93855e-05     0.00116369     0.00116355     0.00116375
1157     7.63528e-05     0.00150972     0.00150953     0.0015098
1159     5.93855e-05     0.00118431     0.00118417     0.00118438
1161     1.69673e-05     0.000340847     0.000340804     0.000340864
1163     6.78692e-05     0.00137687     0.0013767     0.00137694
1165     5.09019e-05     0.00104154     0.00104141     0.00104159
1167     2.54509e-05     0.000525279     0.000525214     0.000525306
1169     5.09019e-05     0.00105918     0.00105904     0.00105923
1171     5.93855e-05     0.00124502     0.00124487     0.00124509
1173     6.78692e-05     0.00143388     0.0014337     0.00143395
1175     5.09019e-05     0.00108598     0.00108585     0.00108604
1177     4.24182e-05     0.000912432     0.000912319     0.00091248
1179     4.24182e-05     0.000918842     0.000918728     0.00091889
1181     7.63528e-05     0.00166874     0.00166853     0.00166883
1183     3.39346e-05     0.000746431     0.000746338     0.00074647
1185     4.24182e-05     0.00094175     0.000941633     0.000941799
1187     3.39346e-05     0.000759471     0.000759377     0.000759511
1189     8.48365e-06     0.000191391     0.000191368     0.000191401
1191     5.09019e-05     0.00115929     0.00115914     0.00115935
1193     3.39346e-05     0.000778059     0.000777963     0.0007781
1195     5.93855e-05     0.00137511     0.00137494     0.00137518
1197     3.39346e-05     0.0007907     0.000790601     0.000790741
1199     4.24182e-05     0.00099806     0.000997936     0.000998112
1201     6.78692e-05     0.0016086     0.0016084     0.00160869
1203     3.39346e-05     0.000812019     0.000811918     0.000812061
1205     2.54509e-05     0.000613665     0.000613589     0.000613698
1207     6.78692e-05     0.00164884     0.00164864     0.00164893
1209     4.24182e-05     0.00103704     0.00103691     0.00103709
1211     5.09019e-05     0.00125472     0.00125457     0.00125479
1213     4.24182e-05     0.00105484     0.00105471     0.0010549
1215     4.24182e-05     0.00106413     0.001064     0.00106419
1217     5.09019e-05     0.00128583     0.00128567     0.00128589
1219     3.39346e-05     0.000864071     0.000863964     0.000864116
1221     4.24182e-05     0.00108922     0.00108908     0.00108927
1223     1.69673e-05     0.00043766     0.000437606     0.000437683
1225     0     0     0     0
1227     5.09019e-05     0.00133774     0.00133757     0.00133781
1229     2.54509e-05     0.000674744     0.000674661     0.00067478
1231     8.48365e-06     0.000227328     0.0002273     0.00022734
1233     1.69673e-05     0.000456947     0.00045689     0.000456971
1235     3.39346e-05     0.000920129     0.000920015     0.000920177
1237     2.54509e-05     0.000695098     0.000695012     0.000695135
1239     1.69673e-05     0.000467606     0.000467548     0.000467631
1241     2.54509e-05     0.000706987     0.000706899     0.000707024
1243     3.39346e-05     0.00094954     0.000949423     0.00094959
1245     1.69673e-05     0.000478242     0.000478183     0.000478267
1247     2.54509e-05     0.000723262     0.000723173     0.0007233
1249     2.54509e-05     0.000727846     0.000727756     0.000727884
1251     8.48365e-06     0.000245629     0.000245599     0.000245642
1253     2.54509e-05     0.000740828     0.000740736     0.000740867
1255     5.93855e-05     0.0017398     0.00173958     0.00173989
1257     2.54509e-05     0.000752758     0.000752665     0.000752797
1259     2.54509e-05     0.000756585     0.000756492     0.000756625
1261     4.24182e-05     0.00127227     0.00127212     0.00127234
1263     8.48365e-06     0.000256196     0.000256164     0.000256209
1265     4.24182e-05     0.00129312     0.00129296     0.00129319
1267     3.39346e-05     0.00104083     0.0010407     0.00104089
1269     0     0     0     0
1271     4.24182e-05     0.00132067     0.00132051     0.00132074
1273     1.69673e-05     0.000533459     0.000533393     0.000533487
1275     1.69673e-05     0.000536388     0.000536321     0.000536416
1277     1.69673e-05     0.000539145     0.000539079     0.000539174
1279     1.69673e-05     0.000544725     0.000544657     0.000544753
1281     2.54509e-05     0.000823052     0.00082295     0.000823095
1283     0     0     0     0
1285     2.54509e-05     0.00083387     0.000833766     0.000833913
1287     3.39346e-05     0.00112259     0.00112245     0.00112265
1289     3.39346e-05     0.0011297     0.00112956     0.00112976
1291     4.24182e-05     0.0014236     0.00142343     0.00142368
1293     1.69673e-05     0.000572823     0.000572752     0.000572853
1295     8.48365e-06     0.00028915     0.000289114     0.000289165
1297     1.69673e-05     0.000581181     0.000581109     0.000581212
1299     2.54509e-05     0.000878775     0.000878666     0.00087882
1301     8.48365e-06     0.000295439     0.000295402     0.000295454
1303     1.69673e-05     0.000593641     0.000593567     0.000593672
1305     2.54509e-05     0.000898654     0.000898542     0.000898701
1307     8.48365e-06     0.000301496     0.000301459     0.000301512
1309     1.69673e-05     0.000607897     0.000607821     0.000607928
1311     4.24182e-05     0.0015284     0.00152821     0.00152848
1313     0     0     0     0
1315     8.48365e-06     0.000310135     0.000310097     0.000310152
1317     8.48365e-06     0.000313013     0.000312974     0.000313029
1319     3.39346e-05     0.00125842     0.00125827     0.00125849
1321     1.69673e-05     0.000635571     0.000635492     0.000635604
1323     1.69673e-05     0.000638311     0.000638232     0.000638344
1325     1.69673e-05     0.000642284     0.000642204     0.000642317
1327     1.69673e-05     0.000649336     0.000649256     0.00064937
1329     2.54509e-05     0.000978568     0.000978446     0.000978619
1331     1.69673e-05     0.000657363     0.000657281     0.000657397
1333     4.24182e-05     0.00165123     0.00165103     0.00165132
1335     1.69673e-05     0.000668197     0.000668114     0.000668232
1337     8.48365e-06     0.000336287     0.000336245     0.000336304
1339     1.69673e-05     0.000676567     0.000676483     0.000676602
1341     2.54509e-05     0.00102409     0.00102396     0.00102414
1343     3.39346e-05     0.00137313     0.00137296     0.0013732
1345     1.69673e-05     0.000691935     0.000691849     0.000691971
1347     3.39346e-05     0.00139117     0.001391     0.00139124
1349     1.69673e-05     0.000699978     0.000699892     0.000700015
1351     2.54509e-05     0.00105924     0.0010591     0.00105929
1353     2.54509e-05     0.00106402     0.00106388     0.00106407
1355     3.39346e-05     0.00142905     0.00142887     0.00142912
1357     1.69673e-05     0.00072152     0.000721431     0.000721558
1359     0     0     0     0
1361     1.69673e-05     0.00072992     0.000729829     0.000729958
1363     1.69673e-05     0.000735232     0.000735141     0.000735271
1365     1.69673e-05     0.000741358     0.000741267     0.000741397
1367     0     0     0     0
1369     0     0     0     0
1371     5.09019e-05     0.00226798     0.0022677     0.0022681
1373     8.48365e-06     0.000380589     0.000380542     0.000380609
1375     2.54509e-05     0.00114647     0.00114633     0.00114653
1377     2.54509e-05     0.00115486     0.00115471     0.00115492
1379     1.69673e-05     0.000774945     0.000774849     0.000774986
1381     1.69673e-05     0.000782605     0.000782508     0.000782646
1383     8.48365e-06     0.000393769     0.00039372     0.00039379
1385     8.48365e-06     0.000395649     0.0003956     0.000395669
1387     8.48365e-06     0.000398961     0.000398912     0.000398982
1389     5.93855e-05     0.00280773     0.00280738     0.00280788
1391     0     0     0     0
1393     8.48365e-06     0.000406603     0.000406553     0.000406624
1395     0     0     0     0
1397     0     0     0     0
1399     0     0     0     0
1401     0     0     0     0
1403     0     0     0     0
1405     0     0     0     0
1407     8.48365e-06     0.000425632     0.00042558     0.000425655
1409     2.54509e-05     0.00128774     0.00128758     0.0012878
1411     0     0     0     0
1413     0     0     0     0
1415     2.54509e-05     0.00131132     0.00131116     0.00131139
1417     1.69673e-05     0.000881435     0.000881326     0.000881481
1419     8.48365e-06     0.000442745     0.00044269     0.000442768
1421     0     0     0     0
1423     1.69673e-05     0.000895921     0.00089581     0.000895968
1425     8.48365e-06     0.000450918     0.000450863     0.000450942
1427     1.69673e-05     0.000909139     0.000909026     0.000909187
1429     0     0     0     0
1431     8.48365e-06     0.000461541     0.000461484     0.000461566
1433     0     0     0     0
1435     2.54509e-05     0.00139726     0.00139709     0.00139734
1437     8.48365e-06     0.000470509     0.00047045     0.000470533
1439     2.54509e-05     0.00141683     0.00141666     0.00141691
1441     1.69673e-05     0.000950602     0.000950484     0.000950652
1443     1.69673e-05     0.000956404     0.000956286     0.000956454
1445     8.48365e-06     0.000481464     0.000481405     0.00048149
1447     2.54509e-05     0.00145461     0.00145443     0.00145469
1449     8.48365e-06     0.000488267     0.000488206     0.000488292
1451     8.48365e-06     0.000492008     0.000491947     0.000492034
1453     8.48365e-06     0.000494794     0.000494733     0.00049482
1455     0     0     0     0
1457     1.69673e-05     0.00100014     0.00100001     0.00100019
1459     8.48365e-06     0.000503779     0.000503717     0.000503805
1461     3.39346e-05     0.00202606     0.00202581     0.00202617
1463     0     0     0     0
1465     2.54509e-05     0.00153772     0.00153753     0.0015378
1467     8.48365e-06     0.000515328     0.000515264     0.000515355
1469     8.48365e-06     0.000519036     0.000518972     0.000519063
1471     1.69673e-05     0.00104289     0.00104276     0.00104294
1473     8.48365e-06     0.000525667     0.000525602     0.000525695
1475     0     0     0     0
1477     0     0     0     0
1479     0     0     0     0
1481     0     0     0     0
1483     0     0     0     0
1485     0     0     0     0
1487     0     0     0     0
1489     0     0     0     0
1491     0     0     0     0
1493     0     0     0     0
1495     0     0     0     0
1497     0     0     0     0
1499     0     0     0     0
1501     0     0     0     0
1503     0     0     0     0
1505     0     0     0     0
1507     0     0     0     0
1509     0     0     0     0
1511     0     0     0     0
1513     0     0     0     0
1515     0     0     0     0
1517     0     0     0     0
1519     0     0     0     0
1521     0     0     0     0
1523     0     0     0     0
1525     0     0     0     0
1527     0     0     0     0
1529     0     0     0     0
1531     0     0     0     0
1533     0     0     0     0
1535     0     0     0     0
1537     0     0     0     0
1539     0     0     0     0
1541     0     0     0     0
1543     0     0     0     0
1545     0     0     0     0
1547     0     0     0     0
1549     0     0     0     0
1551     0     0     0     0
1553     0     0     0     0
1555     0     0     0     0
1557     0     0     0     0
1559     0     0     0     0
1561     0     0     0     0
1563     0     0     0     0
1565     0     0     0     0
1567     0     0     0     0
1569     0     0     0     0
1571     0     0     0     0
1573     0     0     0     0
1575     0     0     0     0
1577     0     0     0     0
1579     0     0     0     0
1581     0     0     0     0
1583     0     0     0     0
1585     0     0     0     0
1587     0     0     0     0
1589     0     0     0     0
1591     0     0     0     0
1593     0     0     0     0
1595     0     0     0     0
1597     0     0     0     0
1599     0     0     0     0
1601     0     0     0     0
1603     0     0     0     0
1605     0     0     0     0
1607     0     0     0     0
1609     0     0     0     0
1611     0     0     0     0
1613     0     0     0     0
1615     0     0     0     0
1617     0     0     0     0
1619     0     0     0     0
1621     0     0     0     0
1623     0     0     0     0
1625     0     0     0     0
1627     0     0     0     0
1629     0     0     0     0
1631     0     0     0     0
1633     0     0     0     0
1635     0     0     0     0
1637     0     0     0     0
1639     0     0     0     0
1641     0     0     0     0
1643     0     0     0     0
1645     0     0     0     0
1647     0     0     0     0
1649     0     0     0     0
1651     0     0     0     0
1653     0     0     0     0
1655     0     0     0     0
1657     0     0     0     0
1659     0     0     0     0
1661     0     0     0     0
1663     0     0     0     0
1665     0     0     0     0
1667     0     0     0     0
1669     0     0     0     0
1671     0     0     0     0
1673     0     0     0     0
1675     0     0     0     0
1677     0     0     0     0
1679     0     0     0     0
1681     0     0     0     0
1683     0     0     0     0
1685     0     0     0     0
1687     0     0     0     0
1689     0     0     0     0
1691     0     0     0     0
1693     0     0     0     0
1695     0     0     0     0
1697     0     0     0     0
1699     0     0     0     0
1701     0     0     0     0
1703     0     0     0     0
1705     0     0     0     0
1707     0     0     0     0
1709     0     0     0     0
1711     0     0     0     0
1713     0     0     0     0
1715     0     0     0     0
1717     0     0     0     0
1719     0     0     0     0
1721     0     0     0     0
1723     0     0     0     0
1725     0     0     0     0
1727     0     0     0     0
1729     0     0     0     0
1731     0     0     0     0
1733     0     0     0     0
1735     0     0     0     0
1737     0     0     0     0
1739     0     0     0     0
1741     0     0     0     0
1743     0     0     0     0
1745     0     0     0     0
1747     0     0     0     0
1749     0     0     0     0
1751     0     0     0     0
1753     0     0     0     0
1755     0     0     0     0
1757     0     0     0     0
1759     0     0     0     0
1761     0     0     0     0
1763     0     0     0     0
1765     0     0     0     0
1767     0     0     0     0
1769     0     0     0     0
1771     0     0     0     0
1773     0     0     0     0
1775     0     0     0     0
1777     0     0     0     0
1779     0     0     0     0
1781     0     0     0     0
1783     0     0     0     0
1785     0     0     0     0
1787     0     0     0     0
1789     0     0     0     0
1791     0     0     0     0
1793     0     0     0     0
1795     0     0     0     0
1797     0     0     0     0
1799     0     0     0     0
1801     0     0     0     0
1803     0     0     0     0
1805     0     0     0     0
1807     0     0     0     0
1809     0     0     0     0
1811     0     0     0     0
1813     0     0     0     0
1815     0     0     0     0
1817     0     0     0     0
1819     0     0     0     0
1821     0     0     0     0
1823     0     0     0     0
1825     0     0     0     0
1827     0     0     0     0
1829     0     0     0     0
1831     0     0     0     0
1833     0     0     0     0
1835     0     0     0     0
1837     0     0     0     0
1839     0     0     0     0
1841     0     0     0     0
1843     0     0     0     0
1845     0     0     0     0
1847     0     0     0     0
1849     0     0     0     0
1851     0     0     0     0
1853     0     0     0     0
1855     0     0     0     0
1857     0     0     0     0
1859     0     0     0     0
1861     0     0     0     0
1863     0     0     0     0
1865     0     0     0     0
1867     0     0     0     0
1869     0     0     0     0
1871     0     0     0     0
1873     0     0     0     0
1875     0     0     0     0
1877     0     0     0     0
1879     0     0     0     0
1881     0     0     0     0
1883     0     0     0     0
1885     0     0     0     0
1887     0     0     0     0
1889     0     0     0     0
1891     0     0     0     0
1893     0     0     0     0
1895     0     0     0     0
1897     0     0     0     0
1899     0     0     0     0
1901     0     0     0     0
1903     0     0     0     0
1905     0     0     0     0
1907     0     0     0     0
1909     0     0     0     0
1911     0     0     0     0
1913     0     0     0     0
1915     0     0     0     0
1917     0     0     0     0
1919     0     0     0     0
1921     0     0     0     0
1923     0     0     0     0
1925     0     0     0     0
1927     0     0     0     0
1929     0     0     0     0
1931     0     0     0     0
1933     0     0     0     0
1935     0     0     0     0
1937     0     0     0     0
1939     0     0     0     0
1941     0     0     0     0
1943     0     0     0     0
1945     0     0     0     0
1947     0     0     0     0
1949     0     0     0     0
1951     0     0     0     0
1953     0     0     0     0
1955     0     0     0     0
1957     0     0     0     0
1959     0     0     0     0
1961     0     0     0     0
1963     0     0     0     0
1965     0     0     0     0
1967     0     0     0     0
1969     0     0     0     0
1971     0     0     0     0
1973     0     0     0     0
1975     0     0     0     0
1977     0     0     0     0
1979     0     0     0     0
1981     0     0     0     0
1983     0     0     0     0
1985     0     0     0     0
1987     0     0     0     0
1989     0     0     0     0
1991     0     0     0     0
1993     0     0     0     0
1995     0     0     0     0
1997     0     0     0     0
1999     0     0     0     0
2001     0     0     0     0
2003     0     0     0     0
2005     0     0     0     0
2007     0     0     0     0
2009     0     0     0     0
2011     0     0     0     0
2013     0     0     0     0
2015     0     0     0     0
2017     0     0     0     0
2019     0     0     0     0
2021     0     0     0     0
2023     0     0     0     0
2025     0     0     0     0
2027     0     0     0     0
2029     0     0     0     0
2031     0     0     0     0
2033     0     0     0     0
2035     0     0     0     0
2037     0     0     0     0
2039     0     0     0     0
2041     0     0     0     0
2043     0     0     0     0
2045     0     0     0     0
2047     0     0     0     0
2049     0     0     0     0
2051     0     0     0     0
2053     0     0     0     0
2055     0     0     0     0
2057     0     0     0     0
2059     0     0     0     0
2061     0     0     0     0
2063     0     0     0     0
2065     0     0     0     0
2067     0     0     0     0
2069     0     0     0     0
2071     0     0     0     0
2073     0     0     0     0
2075     0     0     0     0
2077     0     0     0     0
2079     0     0     0     0
2081     0     0     0     0
2083     0     0     0     0
2085     0     0     0     0
2087     0     0     0     0
2089     0     0     0     0
2091     0     0     0     0
2093     0     0     0     0
2095     0     0     0     0
2097     0     0     0     0
2099     0     0     0     0
2101     0     0     0     0
2103     0     0     0     0
2105     0     0     0     0
2107     0     0     0     0
2109     0     0     0     0
2111     0     0     0     0
2113     0     0     0     0
2115     0     0     0     0
2117     0     0     0     0
2119     0     0     0     0
2121     0     0     0     0
2123     0     0     0     0
2125     0     0     0     0
2127     0     0     0     0
2129     0     0     0     0
2131     0     0     0     0
2133     0     0     0     0
2135     0     0     0     0
2137     0     0     0     0
2139     0     0     0     0
2141     0     0     0     0
2143     0     0     0     0
2145     0     0     0     0
2147     0     0     0     0
2149     0     0     0     0
2151     0     0     0     0
2153     0     0     0     0
2155     0     0     0     0
2157     0     0     0     0
2159     0     0     0     0
2161     0     0     0     0
2163     0     0     0     0
2165     0     0     0     0
2167     0     0     0     0
2169     0     0     0     0
2171     0     0     0     0
2173     0     0     0     0
2175     0     0     0     0
2177     0     0     0     0
2179     0     0     0     0
2181     0     0     0     0
2183     0     0     0     0
2185     0     0     0     0
2187     0     0     0     0
2189     0     0     0     0
2191     0     0     0     0
2193     0     0     0     0
2195     0     0     0     0
2197     0     0     0     0
2199     0     0     0     0
2201     0     0     0     0
2203     0     0     0     0
2205     0     0     0     0
2207     0     0     0     0
2209     0     0     0     0
2211     0     0     0     0
2213     0     0     0     0
2215     0     0     0     0
2217     0     0     0     0
2219     0     0     0     0
2221     0     0     0     0
2223     0     0     0     0
2225     0     0     0     0
2227     0     0     0     0
2229     0     0     0     0
2231     0     0     0     0
2233     0     0     0     0
2235     0     0     0     0
2237     0     0     0     0
2239     0     0     0     0
2241     0     0     0     0
2243     0     0     0     0
2245     0     0     0     0
2247     0     0     0     0
2249     0     0     0     0
2251     0     0     0     0
2253     0     0     0     0
2255     0     0     0     0
2257     0     0     0     0
2259     0     0     0     0
2261     0     0     0     0
2263     0     0     0     0
2265     0     0     0     0
2267     0     0     0     0
2269     0     0     0     0
2271     0     0     0     0
2273     0     0     0     0
2275     0     0     0     0
2277     0     0     0     0
2279     0     0     0     0
2281     0     0     0     0
2283     0     0     0     0
2285     0     0     0     0
2287     0     0     0     0
2289     0     0     0     0
2291     0     0     0     0
2293     0     0     0     0
2295     0     0     0     0
2297     0     0     0     0
2299     0     0     0     0
2301     0     0     0     0
2303     0     0     0     0
2305     0     0     0     0
2307     0     0     0     0
2309     0     0     0     0
2311     0     0     0     0
2313     0     0     0     0
2315     0     0     0     0
2317     0     0     0     0
2319     0     0     0     0
2321     0     0     0     0
2323     0     0     0     0
2325     0     0     0     0
2327     0     0     0     0
2329     0     0     0     0
2331     0     0     0     0
2333     0     0     0     0
2335     0     0     0     0
2337     0     0     0     0
2339     0     0     0     0
2341     0     0     0     0
2343     0     0     0     0
2345     0     0     0     0
2347     0     0     0     0
2349     0     0     0     0
2351     0     0     0     0
2353     0     0     0     0
2355     0     0     0     0
2357     0     0     0     0
2359     0     0     0     0
2361     0     0     0     0
2363     0     0     0     0
2365     0     0     0     0
2367     0     0     0     0
2369     0     0     0     0
2371     0     0     0     0
2373     0     0     0     0
2375     0     0     0     0
2377     0     0     0     0
2379     0     0     0     0
2381     0     0     0     0
2383     0     0     0     0
2385     0     0     0     0
2387     0     0     0     0
2389     0     0     0     0
2391     0     0     0     0
2393     0     0     0     0
2395     0     0     0     0
2397     0     0     0     0
2399     0     0     0     0
2401     0     0     0     0
2403     0     0     0     0
2405     0     0     0     0
2407     0     0     0     0
2409     0     0     0     0
2411     0     0     0     0
2413     0     0     0     0
2415     0     0     0     0
2417     0     0     0     0
2419     0     0     0     0
2421     0     0     0     0
2423     0     0     0     0
2425     0     0     0     0
2427     0     0     0     0
2429     0     0     0     0
2431     0     0     0     0
2433     0     0     0     0
2435     0     0     0     0
2437     0     0     0     0
2439     0     0     0     0
2441     0     0     0     0
2443     0     0     0     0
2445     0     0     0     0
2447     0     0     0     0
2449     0     0     0     0
2451     0     0     0     0
2453     0     0     0     0
2455     0     0     0     0
2457     0     0     0     0
2459     0     0     0     0
2461     0     0     0     0
2463     0     0     0     0
2465     0     0     0     0
2467     0     0     0     0
2469     0     0     0     0
2471     0     0     0     0
2473     0     0     0     0
2475     0     0     0     0
2477     0     0     0     0
2479     0     0     0     0
2481     0     0     0     0
2483     0     0     0     0
2485     0     0     0     0
2487     0     0     0     0
2489     0     0     0     0
2491     0     0     0     0
2493     0     0     0     0
2495     0     0     0     0
2497     0     0     0     0
2499     0     0     0     0
2501     0     0     0     0
2503     0     0     0     0
2505     0     0     0     0
2507     0     0     0     0
2509     0     0     0     0
2511     0     0     0     0
2513     0     0     0     0
2515     0     0     0     0
2517     0     0     0     0
2519     0     0     0     0
2521     0     0     0     0
2523     0     0     0     0
2525     0     0     0     0
2527     0     0     0     0
2529     0     0     0     0
2531     0     0     0     0
2533     0     0     0     0
2535     0     0     0     0
2537     0     0     0     0
2539     0     0     0     0
2541     0     0     0     0
2543     0     0     0     0
2545     0     0     0     0
2547     0     0     0     0
2549     0     0     0     0
2551     0     0     0     0
2553     0     0     0     0
2555     0     0     0     0
2557     0     0     0     0
2559     0     0     0     0
2561     0     0     0     0
2563     0     0     0     0
2565     0     0     0     0
2567     0     0     0     0
2569     0     0     0     0
2571     0     0     0     0
2573     0     0     0     0
2575     0     0     0     0
2577     0     0     0     0
2579     0     0     0     0
2581     0     0     0     0
2583     0     0     0     0
2585     0     0     0     0
2587     0     0     0     0
2589     0     0     0     0
2591     0     0     0     0
2593     0     0     0     0
2595     0     0     0     0
2597     0     0     0     0
2599     0     0     0     0
2601     0     0     0     0
2603     0     0     0     0
2605     0     0     0     0
2607     0     0     0     0
2609     0     0     0     0
2611     0     0     0     0
2613     0     0     0     0
2615     0     0     0     0
2617     0     0     0     0
2619     0     0     0     0
2621     0     0     0     0
2623     0     0     0     0
2625     0     0     0     0
2627     0     0     0     0
2629     0     0     0     0
2631     0     0     0     0
2633     0     0     0     0
2635     0     0     0     0
2637     0     0     0     0
2639     0     0     0     0
2641     0     0     0     0
2643     0     0     0     0
2645     0     0     0     0
2647     0     0     0     0
2649     0     0     0     0
2651     0     0     0     0
2653     0     0     0     0
2655     0     0     0     0
2657     0     0     0     0
2659     0     0     0     0
2661     0     0     0     0
2663     0     0     0     0
2665     0     0     0     0
2667     0     0     0     0
2669     0     0     0     0
2671     0     0     0     0
2673     0     0     0     0
2675     0     0     0     0
2677     0     0     0     0
2679     0     0     0     0
2681     0     0     0     0
2683     0     0     0     0
2685     0     0     0     0
2687     0     0     0     0
2689     0     0     0     0
2691     0     0     0     0
2693     0     0     0     0
2695     0     0     0     0
2697     0     0     0     0
2699     0     0     0     0
2701     0     0     0     0
2703     0     0     0     0
2705     0     0     0     0
2707     0     0     0     0
2709     0     0     0     0
2711     0     0     0     0
2713     0     0     0     0
2715     0     0     0     0
2717     0     0     0     0
2719     0     0     0     0
2721     0     0     0     0
2723     0     0     0     0
2725     0     0     0     0
2727     0     0     0     0
2729     0     0     0     0
2731     0     0     0     0
2733     0     0     0     0
2735     0     0     0     0
2737     0     0     0     0
2739     0     0     0     0
2741     0     0     0     0
2743     0     0     0     0
2745     0     0     0     0
2747     0     0     0     0
2749     0     0     0     0
2751     0     0     0     0
2753     0     0     0     0
2755     0     0     0     0
2757     0     0     0     0
2759     0     0     0     0
2761     0     0     0     0
2763     0     0     0     0
2765     0     0     0     0
2767     0     0     0     0
2769     0     0     0     0
2771     0     0     0     0
2773     0     0     0     0
2775     0     0     0     0
2777     0     0     0     0
2779     0     0     0     0
2781     0     0     0     0
2783     0     0     0     0
2785     0     0     0     0
2787     0     0     0     0
2789     0     0     0     0
2791     0     0     0     0
2793     0     0     0     0
2795     0     0     0     0
2797     0     0     0     0
2799     0     0     0     0
2801     0     0     0     0
2803     0     0     0     0
2805     0     0     0     0
2807     0     0     0     0
2809     0     0     0     0
2811     0     0     0     0
2813     0     0     0     0
2815     0     0     0     0
2817     0     0     0     0
2819     0     0     0     0
2821     0     0     0     0
2823     0     0     0     0
2825     0     0     0     0
2827     0     0     0     0
2829     0     0     0     0
2831     0     0     0     0
2833     0     0     0     0
2835     0     0     0     0
2837     0     0     0     0
2839     0     0     0     0
2841     0     0     0     0
2843     0     0     0     0
2845     0     0     0     0
2847     0     0     0     0
2849     0     0     0     0
2851     0     0     0     0
2853     0     0     0     0
2855     0     0     0     0
2857     0     0     0     0
2859     0     0     0     0
2861     0     0     0     0
2863     0     0     0     0
2865     0     0     0     0
2867     0     0     0     0
2869     0     0     0     0
2871     0     0     0     0
2873     0     0     0     0
2875     0     0     0     0
2877     0     0     0     0
2879     0     0     0     0
2881     0     0     0     0
2883     0     0     0     0
2885     0     0     0     0
2887     0     0     0     0
2889     0     0     0     0
2891     0     0     0     0
2893     0     0     0     0
2895     0     0     0     0
2897     0     0     0     0
2899     0     0     0     0
2901     0     0     0     0
2903     0     0     0     0
2905     0     0     0     0
2907     0     0     0     0
2909     0     0     0     0
2911     0     0     0     0
2913     0     0     0     0
2915     0     0     0     0
2917     0     0     0     0
2919     0     0     0     0
2921     0     0     0     0
2923     0     0     0     0
2925     0     0     0     0
2927     0     0     0     0
2929     0     0     0     0
2931     0     0     0     0
2933     0     0     0     0
2935     0     0     0     0
2937     0     0     0     0
2939     0     0     0     0
2941     0     0     0     0
2943     0     0     0     0
2945     0     0     0     0
2947     0     0     0     0
2949     0     0     0     0
2951     0     0     0     0
2953     0     0     0     0
2955     0     0     0     0
2957     0     0     0     0
2959     0     0     0     0
2961     0     0     0     0
2963     0     0     0     0
2965     0     0     0     0
2967     0     0     0     0
2969     0     0     0     0
2971     0     0     0     0
2973     0     0     0     0
2975     0     0     0     0
2977     0     0     0     0
2979     0     0     0     0
2981     0     0     0     0
2983     0     0     0     0
2985     0     0     0     0
2987     0     0     0     0
2989     0     0     0     0
2991     0     0     0     0
2993     0     0     0     0
2995     0     0     0     0
2997     0     0     0     0
2999     0     0     0     0
3001     0     0     0     0
3003     0     0     0     0
3005     0     0     0     0
3007     0     0     0     0
3009     0     0     0     0
3011     0     0     0     0
3013     0     0     0     0
3015     0     0     0     0
3017     0     0     0     0
3019     0     0     0     0
3021     0     0     0     0
3023     0     0     0     0
3025     0     0     0     0
3027     0     0     0     0
3029     0     0     0     0
3031     0     0     0     0
3033     0     0     0     0
3035     0     0     0     0
3037     0     0     0     0
3039     0     0     0     0
3041     0     0     0     0
3043     0     0     0     0
3045     0     0     0     0
3047     0     0     0     0
3049     0     0     0     0
3051     0     0     0     0
3053     0     0     0     0
3055     0     0     0     0
3057     0     0     0     0
3059     0     0     0     0
3061     0     0     0     0
3063     0     0     0     0
3065     0     0     0     0
3067     0     0     0     0
3069     0     0     0     0
3071     0     0     0     0
3073     0     0     0     0
3075     0     0     0     0
3077     0     0     0     0
3079     0     0     0     0
3081     0     0     0     0
3083     0     0     0     0
3085     0     0     0     0
3087     0     0     0     0
3089     0     0     0     0
3091     0     0     0     0
3093     0     0     0     0
3095     0     0     0     0
3097     0     0     0     0
3099     0     0     0     0
3101     0     0     0     0
3103     0     0     0     0
3105     0     0     0     0
3107     0     0     0     0
3109     0     0     0     0
3111     0     0     0     0
3113     0     0     0     0
3115     0     0     0     0
3117     0     0     0     0
3119     0     0     0     0
3121     0     0     0     0
3123     0     0     0     0
3125     0     0     0     0
3127     0     0     0     0
3129     0     0     0     0
3131     0     0     0     0
3133     0     0     0     0
3135     0     0     0     0
3137     0     0     0     0
3139     0     0     0     0
3141     0     0     0     0
3143     0     0     0     0
3145     0     0     0     0
3147     0     0     0     0
3149     0     0     0     0
3151     0     0     0     0
3153     0     0     0     0
3155     0     0     0     0
3157     0     0     0     0
3159     0     0     0     0
3161     0     0     0     0
3163     0     0     0     0
3165     0     0     0     0
3167     0     0     0     0
3169     0     0     0     0
3171     0     0     0     0
3173     0     0     0     0
3175     0     0     0     0
3177     0     0     0     0
3179     0     0     0     0
3181     0     0     0     0
3183     0     0     0     0
3185     0     0     0     0
3187     0     0     0     0
3189     0     0     0     0
3191     0     0     0     0
3193     0     0     0     0
3195     0     0     0     0
3197     0     0     0     0
3199     0     0     0     0
3201     0     0     0     0
3203     0     0     0     0
3205     0     0     0     0
3207     0     0     0     0
3209     0     0     0     0
3211     0     0     0     0
3213     0     0     0     0
3215     0     0     0     0
3217     0     0     0     0
3219     0     0     0     0
3221     0     0     0     0
3223     0     0     0     0
3225     0     0     0     0
3227     0     0     0     0
3229     0     0     0     0
3231     0     0     0     0
3233     0     0     0     0
3235     0     0     0     0
3237     0     0     0     0
3239     0     0     0     0
3241     0     0     0     0
3243     0     0     0     0
3245     0     0     0     0
3247     0     0     0     0
3249     0     0     0     0
3251     0     0     0     0
3253     0     0     0     0
3255     0     0     0     0
3257     0     0     0     0
3259     0     0     0     0
3261     0     0     0     0
3263     0     0     0     0
3265     0     0     0     0
3267     0     0     0     0
3269     0     0     0     0
3271     0     0     0     0
3273     0     0     0     0
3275     0     0     0     0
3277     0     0     0     0
3279     0     0     0     0
3281     0     0     0     0
3283     0     0     0     0
3285     0     0     0     0
3287     0     0     0     0
3289     0     0     0     0
3291     0     0     0     0
3293     0     0     0     0
3295     0     0     0     0
3297     0     0     0     0
3299     0     0     0     0
3301     0     0     0     0
3303     0     0     0     0
3305     0     0     0     0
3307     0     0     0     0
3309     0     0     0     0
3311     0     0     0     0
3313     0     0     0     0
3315     0     0     0     0
3317     0     0     0     0
3319     0     0     0     0
3321     0     0     0     0
3323     0     0     0     0
3325     0     0     0     0
3327     0     0     0     0
3329     0     0     0     0
3331     0     0     0     0
3333     0     0     0     0
3335     0     0     0     0
3337     0     0     0     0
3339     0     0     0     0
3341     0     0     0     0
3343     0     0     0     0
3345     0     0     0     0
3347     0     0     0     0
3349     0     0     0     0
3351     0     0     0     0
3353     0     0     0     0
3355     0     0     0     0
3357     0     0     0     0
3359     0     0     0     0
3361     0     0     0     0
3363     0     0     0     0
3365     0     0     0     0
3367     0     0     0     0
3369     0     0     0     0
3371     0     0     0     0
3373     0     0     0     0
3375     0     0     0     0
3377     0     0     0     0
3379     0     0     0     0
3381     0     0     0     0
3383     0     0     0     0
3385     0     0     0     0
3387     0     0     0     0
3389     0     0     0     0
3391     0     0     0     0
3393     0     0     0     0
3395     0     0     0     0
3397     0     0     0     0
3399     0     0     0     0
3401     0     0     0     0
3403     0     0     0     0
3405     0     0     0     0
3407     0     0     0     0
3409     0     0     0     0
3411     0     0     0     0
3413     0     0     0     0
3415     0     0     0     0
3417     0     0     0     0
3419     0     0     0     0
3421     0     0     0     0
3423     0     0     0     0
3425     0     0     0     0
3427     0     0     0     0
3429     0     0     0     0
3431     0     0     0     0
3433     0     0     0     0
3435     0     0     0     0
3437     0     0     0     0
3439     0     0     0     0
3441     0     0     0     0
3443     0     0     0     0
3445     0     0     0     0
3447     0     0     0     0
3449     0     0     0     0
3451     0     0     0     0
3453     0     0     0     0
3455     0     0     0     0
3457     0     0     0     0
3459     0     0     0     0
3461     0     0     0     0
3463     0     0     0     0
3465     0     0     0     0
3467     0     0     0     0
3469     0     0     0     0
3471     0     0     0     0
3473     0     0     0     0
3475     0     0     0     0
3477     0     0     0     0
3479     0     0     0     0
3481     0     0     0     0
3483     0     0     0     0
3485     0     0     0     0
3487     0     0     0     0
3489     0     0     0     0
3491     0     0     0     0
3493     0     0     0     0
3495     0     0     0     0
3497     0     0     0     0
3499     0     0     0     0
3501     0     0     0     0
3503     0     0     0     0
3505     0     0     0     0
3507     0     0     0     0
3509     0     0     0     0
3511     0     0     0     0
3513     0     0     0     0
3515     0     0     0     0
3517     0     0     0     0
3519     0     0     0     0
3521     0     0     0     0
3523     0     0     0     0
3525     0     0     0     0
3527     0     0     0     0
3529     0     0     0     0
3531     0     0     0     0
3533     0     0     0     0
3535     0     0     0     0
3537     0     0     0     0
3539     0     0     0     0
3541     0     0     0     0
3543     0     0     0     0
3545     0     0     0     0
3547     0     0     0     0
3549     0     0     0     0
3551     0     0     0     0
3553     0     0     0     0
3555     0     0     0     0
3557     0     0     0     0
3559     0     0     0     0
3561     0     0     0     0
3563     0     0     0     0
3565     0     0     0     0
3567     0     0     0     0
3569     0     0     0     0
3571     0     0     0     0
3573     0     0     0     0
3575     0     0     0     0
3577     0     0     0     0
3579     0     0     0     0
3581     0     0     0     0
3583     0     0     0     0
3585     0     0     0     0
3587     0     0     0     0
3589     0     0     0     0
3591     0     0     0     0
3593     0     0     0     0
3595     0     0     0     0
3597     0     0     0     0
3599     0     0     0     0
3601     0     0     0     0
3603     0     0     0     0
3605     0     0     0     0
3607     0     0     0     0
3609     0     0     0     0
3611     0     0     0     0
3613     0     0     0     0
3615     0     0     0     0
3617     0     0     0     0
3619     0     0     0     0
3621     0     0     0     0
3623     0     0     0     0
3625     0     0     0     0
3627     0     0     0     0
3629     0     0     0     0
3631     0     0     0     0
3633     0     0     0     0
3635     0     0     0     0
3637     0     0     0     0
3639     0     0     0     0
3641     0     0     0     0
3643     0     0     0     0
3645     0     0     0     0
3647     0     0     0     0
3649     0     0     0     0
3651     0     0     0     0
3653     0     0     0     0
3655     0     0     0     0
3657     0     0     0     0
3659     0     0     0     0
3661     0     0     0     0
3663     0     0     0     0
3665     0     0     0     0
3667     0     0     0     0
3669     0     0     0     0
3671     0     0     0     0
3673     0     0     0     0
3675     0     0     0     0
3677     0     0     0     0
3679     0     0     0     0
3681     0     0     0     0
3683     0     0     0     0
3685     0     0     0     0
3687     0     0     0     0
3689     0     0     0     0
3691     0     0     0     0
3693     0     0     0     0
3695     0     0     0     0
3697     0     0     0     0
3699     0     0     0     0
3701     0     0     0     0
3703     0     0     0     0
3705     0     0     0     0
3707     0     0     0     0
3709     0     0     0     0
3711     0     0     0     0
3713     0     0     0     0
3715     0     0     0     0
3717     0     0     0     0
3719     0     0     0     0
3721     0     0     0     0
3723     0     0     0     0
3725     0     0     0     0
3727     0     0     0     0
3729     0     0     0     0
3731     0     0     0     0
3733     0     0     0     0
3735     0     0     0     0
3737     0     0     0     0
3739     0     0     0     0
3741     0     0     0     0
3743     0     0     0     0
3745     0     0     0     0
3747     0     0     0     0
3749     0     0     0     0
3751     0     0     0     0
3753     0     0     0     0
3755     0     0     0     0
3757     0     0     0     0
3759     0     0     0     0
3761     0     0     0     0
3763     0     0     0     0
3765     0     0     0     0
3767     0     0     0     0
3769     0     0     0     0
3771     0     0     0     0
3773     0     0     0     0
3775     0     0     0     0
3777     0     0     0     0
3779     0     0     0     0
3781     0     0     0     0
3783     0     0     0     0
3785     0     0     0     0
3787     0     0     0     0
3789     0     0     0     0
3791     0     0     0     0
3793     0     0     0     0
3795     0     0     0     0
3797     0     0     0     0
3799     0     0     0     0
3801     0     0     0     0
3803     0     0     0     0
3805     0     0     0     0
3807     0     0     0     0
3809     0     0     0     0
3811     0     0     0     0
3813     0     0     0     0
3815     0     0     0     0
3817     0     0     0     0
3819     0     0     0     0
3821     0     0     0     0
3823     0     0     0     0
3825     0     0     0     0
3827     0     0     0     0
3829     0     0     0     0
3831     0     0     0     0
3833     0     0     0     0
3835     0     0     0     0
3837     0     0     0     0
3839     0     0     0     0
3841     0     0     0     0
3843     0     0     0     0
3845     0     0     0     0
3847     0     0     0     0
3849     0     0     0     0
3851     0     0     0     0
3853     0     0     0     0
3855     0     0     0     0
3857     0     0     0     0
3859     0     0     0     0
3861     0     0     0     0
3863     0     0     0     0
3865     0     0     0     0
3867     0     0     0     0
3869     0     0     0     0
3871     0     0     0     0
3873     0     0     0     0
3875     0     0     0     0
3877     0     0     0     0
3879     0     0     0     0
3881     0     0     0     0
3883     0     0     0     0
3885     0     0     0     0
3887     0     0     0     0
3889     0     0     0     0
3891     0     0     0     0
3893     0     0     0     0
3895     0     0     0     0
3897     0     0     0     0
3899     0     0     0     0
3901     0     0     0     0
3903     0     0     0     0
3905     0     0     0     0
3907     0     0     0     0
3909     0     0     0     0
3911     0     0     0     0
3913     0     0     0     0
3915     0     0     0     0
3917     0     0     0     0
3919     0     0     0     0
3921     0     0     0     0
3923     0     0     0     0
3925     0     0     0     0
3927     0     0     0     0
3929     0     0     0     0
3931     0     0     0     0
3933     0     0     0     0
3935     0     0     0     0
3937     0     0     0     0
3939     0     0     0     0
3941     0     0     0     0
3943     0     0     0     0
3945     0     0     0     0
3947     0     0     0     0
3949     0     0     0     0
3951     0     0     0     0
3953     0     0     0     0
3955     0     0     0     0
3957     0     0     0     0
3959     0     0     0     0
3961     0     0     0     0
3963     0     0     0     0
3965     0     0     0     0
3967     0     0     0     0
3969     0     0     0     0
3971     0     0     0     0
3973     0     0     0     0
3975     0     0     0     0
3977     0     0     0     0
3979     0     0     0     0
3981     0     0     0     0
3983     0     0     0     0
3985     0     0     0     0
3987     0     0     0     0
3989     0     0     0     0
3991     0     0     0     0
3993     0     0     0     0
3995     0     0     0     0
3997     0     0     0     0
3999     0     0     0     0
4001     0     0     0     0
4003     0     0     0     0
4005     0     0     0     0
4007     0     0     0     0
4009     0     0     0     0
4011     0     0     0     0
4013     0     0     0     0
4015     0     0     0     0
4017     0     0     0     0
4019     0     0     0     0
4021     0     0     0     0
4023     0     0     0     0
4025     0     0     0     0
4027     0     0     0     0
4029     0     0     0     0
4031     0     0     0     0
4033     0     0     0     0
4035     0     0     0     0
4037     0     0     0     0
4039     0     0     0     0
4041     0     0     0     0
4043     0     0     0     0
4045     0     0     0     0
4047     0     0     0     0
4049     0     0     0     0
4051     0     0     0     0
4053     0     0     0     0
4055     0     0     0     0
4057     0     0     0     0
4059     0     0     0     0
4061     0     0     0     0
4063     0     0     0     0
4065     0     0     0     0
4067     0     0     0     0
4069     0     0     0     0
4071     0     0     0     0
4073     0     0     0     0
4075     0     0     0     0
4077     0     0     0     0
4079     0     0     0     0
4081     0     0     0     0
4083     0     0     0     0
4085     0     0     0     0
4087     0     0     0     0
4089     0     0     0     0
4091     0     0     0     0
4093     0     0     0     0
4095     0     0     0     0
4097     0     0     0     0
4099     0     0     0     0
4101     0     0     0     0
4103     0     0     0     0
4105     0     0     0     0
4107     0     0     0     0
4109     0     0     0     0
4111     0     0     0     0
4113     0     0     0     0
4115     0     0     0     0
4117     0     0     0     0
4119     0     0     0     0
4121     0     0     0     0
4123     0     0     0     0
4125     0     0     0     0
4127     0     0     0     0
4129     0     0     0     0
4131     0     0     0     0
4133     0     0     0     0
4135     0     0     0     0
4137     0     0     0     0
4139     0     0     0     0
4141     0     0     0     0
4143     0     0     0     0
4145     0     0     0     0
4147     0     0     0     0
4149     0     0     0     0
4151     0     0     0     0
4153     0     0     0     0
4155     0     0     0     0
4157     0     0     0     0
4159     0     0     0     0
4161     0     0     0     0
4163     0     0     0     0
4165     0     0     0     0
4167     0     0     0     0
4169     0     0     0     0
4171     0     0     0     0
4173     0     0     0     0
4175     0     0     0     0
4177     0     0     0     0
4179     0     0     0     0
4181     0     0     0     0
4183     0     0     0     0
4185     0     0     0     0
4187     0     0     0     0
4189     0     0     0     0
4191     0     0     0     0
4193     0     0     0     0
4195     0     0     0     0
4197     0     0     0     0
4199     0     0     0     0
4201     0     0     0     0
4203     0     0     0     0
4205     0     0     0     0
4207     0     0     0     0
4209     0     0     0     0
4211     0     0     0     0
4213     0     0     0     0
4215     0     0     0     0
4217     0     0     0     0
4219     0     0     0     0
4221     0     0     0     0
4223     0     0     0     0
4225     0     0     0     0
4227     0     0     0     0
4229     0     0     0     0
4231     0     0     0     0
4233     0     0     0     0
4235     0     0     0     0
4237     0     0     0     0
4239     0     0     0     0
4241     0     0     0     0
4243     0     0     0     0
4245     0     0     0     0
4247     0     0     0     0
4249     0     0     0     0
4251     0     0     0     0
4253     0     0     0     0
4255     0     0     0     0
4257     0     0     0     0
4259     0     0     0     0
4261     0     0     0     0
4263     0     0     0     0
4265     0     0     0     0
4267     0     0     0     0
4269     0     0     0     0
4271     0     0     0     0
4273     0     0     0     0
4275     0     0     0     0
4277     0     0     0     0
4279     0     0     0     0
4281     0     0     0     0
4283     0     0     0     0
4285     0     0     0     0
4287     0     0     0     0
4289     0     0     0     0
4291     0     0     0     0
4293     0     0     0     0
4295     0     0     0     0
4297     0     0     0     0
4299     0     0     0     0
4301     0     0     0     0
4303     0     0     0     0
4305     0     0     0     0
4307     0     0     0     0
4309     0     0     0     0
4311     0     0     0     0
4313     0     0     0     0
4315     0     0     0     0
4317     0     0     0     0
4319     0     0     0     0
4321     0     0     0     0
4323     0     0     0     0
4325     0     0     0     0
4327     0     0     0     0
4329     0     0     0     0
4331     0     0     0     0
4333     0     0     0     0
4335     0     0     0     0
4337     0     0     0     0
4339     0     0     0     0
4341     0     0     0     0
4343     0     0     0     0
4345     0     0     0     0
4347     0     0     0     0
4349     0     0     0     0
4351     0     0     0     0
4353     0     0     0     0
4355     0     0     0     0
4357     0     0     0     0
4359     0     0     0     0
4361     0     0     0     0
4363     0     0     0     0
4365     0     0     0     0
4367     0     0     0     0
4369     0     0     0     0
4371     0     0     0     0
4373     0     0     0     0
4375     0     0     0     0
4377     0     0     0     0
4379     0     0     0     0
4381     0     0     0     0
4383     0     0     0     0
4385     0     0     0     0
4387     0     0     0     0
4389     0     0     0     0
4391     0     0     0     0
4393     0     0     0     0
4395     0     0     0     0
4397     0     0     0     0
4399     0     0     0     0
4401     0     0     0     0
4403     0     0     0     0
4405     0     0     0     0
4407     0     0     0     0
4409     0     0     0     0
4411     0     0     0     0
4413     0     0     0     0
4415     0     0     0     0
4417     0     0     0     0
4419     0     0     0     0
4421     0     0     0     0
4423     0     0     0     0
4425     0     0     0     0
4427     0     0     0     0
4429     0     0     0     0
4431     0     0     0     0
4433     0     0     0     0
4435     0     0     0     0
4437     0     0     0     0
4439     0     0     0     0
4441     0     0     0     0
4443     0     0     0     0
4445     0     0     0     0
4447     0     0     0     0
4449     0     0     0     0
4451     0     0     0     0
4453     0     0     0     0
4455     0     0     0     0
4457     0     0     0     0
4459     0     0     0     0
4461     0     0     0     0
4463     0     0     0     0
4465     0     0     0     0
4467     0     0     0     0
4469     0     0     0     0
4471     0     0     0     0
4473     0     0     0     0
4475     0     0     0     0
4477     0     0     0     0
4479     0     0     0     0
4481     0     0     0     0
4483     0     0     0     0
4485     0     0     0     0
4487     0     0     0     0
4489     0     0     0     0
4491     0     0     0     0
4493     0     0     0     0
4495     0     0     0     0
4497     0     0     0     0
4499     0     0     0     0
4501     0     0     0     0
4503     0     0     0     0
4505     0     0     0     0
4507     0     0     0     0
4509     0     0     0     0
4511     0     0     0     0
4513     0     0     0     0
4515     0     0     0     0
4517     0     0     0     0
4519     0     0     0     0
4521     0     0     0     0
4523     0     0     0     0
4525     0     0     0     0
4527     0     0     0     0
4529     0     0     0     0
4531     0     0     0     0
4533     0     0     0     0
4535     0     0     0     0
4537     0     0     0     0
4539     0     0     0     0
4541     0     0     0     0
4543     0     0     0     0
4545     0     0     0     0
4547     0     0     0     0
4549     0     0     0     0
4551     0     0     0     0
4553     0     0     0     0
4555     0     0     0     0
4557     0     0     0     0
4559     0     0     0     0
4561     0     0     0     0
4563     0     0     0     0
4565     0     0     0     0
4567     0     0     0     0
4569     0     0     0     0
4571     0     0     0     0
4573     0     0     0     0
4575     0     0     0     0
4577     0     0     0     0
4579     0     0     0     0
4581     0     0     0     0
4583     0     0     0     0
4585     0     0     0     0
4587     0     0     0     0
4589     0     0     0     0
4591     0     0     0     0
4593     0     0     0     0
4595     0     0     0     0
4597     0     0     0     0
4599     0     0     0     0
4601     0     0     0     0
4603     0     0     0     0
4605     0     0     0     0
4607     0     0     0     0
4609     0     0     0     0
4611     0     0     0     0
4613     0     0     0     0
4615     0     0     0     0
4617     0     0     0     0
4619     0     0     0     0
4621     0     0     0     0
4623     0     0     0     0
4625     0     0     0     0
4627     0     0     0     0
4629     0     0     0     0
4631     0     0     0     0
4633     0     0     0     0
4635     0     0     0     0
4637     0     0     0     0
4639     0     0     0     0
4641     0     0     0     0
4643     0     0     0     0
4645     0     0     0     0
4647     0     0     0     0
4649     0     0     0     0
4651     0     0     0     0
4653     0     0     0     0
4655     0     0     0     0
4657     0     0     0     0
4659     0     0     0     0
4661     0     0     0     0
4663     0     0     0     0
4665     0     0     0     0
4667     0     0     0     0
4669     0     0     0     0
4671     0     0     0     0
4673     0     0     0     0
4675     0     0     0     0
4677     0     0     0     0
4679     0     0     0     0
4681     0     0     0     0
4683     0     0     0     0
4685     0     0     0     0
4687     0     0     0     0
4689     0     0     0     0
4691     0     0     0     0
4693     0     0     0     0
4695     0     0     0     0
4697     0     0     0     0
4699     0     0     0     0
4701     0     0     0     0
4703     0     0     0     0
4705     0     0     0     0
4707     0     0     0     0
4709     0     0     0     0
4711     0     0     0     0
4713     0     0     0     0
4715     0     0     0     0
4717     0     0     0     0
4719     0     0     0     0
4721     0     0     0     0
4723     0     0     0     0
4725     0     0     0     0
4727     0     0     0     0
4729     0     0     0     0
4731     0     0     0     0
4733     0     0     0     0
4735     0     0     0     0
4737     0     0     0     0
4739     0     0     0     0
4741     0     0     0     0
4743     0     0     0     0
4745     0     0     0     0
4747     0     0     0     0
4749     0     0     0     0
4751     0     0     0     0
4753     0     0     0     0
4755     0     0     0     0
4757     0     0     0     0
4759     0     0     0     0
4761     0     0     0     0
4763     0     0     0     0
4765     0     0     0     0
4767     0     0     0     0
4769     0     0     0     0
4771     0     0     0     0
4773     0     0     0     0
4775     0     0     0     0
4777     0     0     0     0
4779     0     0     0     0
4781     0     0     0     0
4783     0     0     0     0
4785     0     0     0     0
4787     0     0     0     0
4789     0     0     0     0
4791     0     0     0     0
4793     0     0     0     0
4795     0     0     0     0
4797     0     0     0     0
4799     0     0     0     0
4801     0     0     0     0
4803     0     0     0     0
4805     0     0     0     0
4807     0     0     0     0
4809     0     0     0     0
4811     0     0     0     0
4813     0     0     0     0
4815     0     0     0     0
4817     0     0     0     0
4819     0     0     0     0
4821     0     0     0     0
4823     0     0     0     0
4825     0     0     0     0
4827     0     0     0     0
4829     0     0     0     0
4831     0     0     0     0
4833     0     0     0     0
4835     0     0     0     0
4837     0     0     0     0
4839     0     0     0     0
4841     0     0     0     0
4843     0     0     0     0
4845     0     0     0     0
4847     0     0     0     0
4849     0     0     0     0
4851     0     0     0     0
4853     0     0     0     0
4855     0     0     0     0
4857     0     0     0     0
4859     0     0     0     0
4861     0     0     0     0
4863     0     0     0     0
4865     0     0     0     0
4867     0     0     0     0
4869     0     0     0     0
4871     0     0     0     0
4873     0     0     0     0
4875     0     0     0     0
4877     0     0     0     0
4879     0     0     0     0
4881     0     0     0     0
4883     0     0     0     0
4885     0     0     0     0
4887     0     0     0     0
4889     0     0     0     0
4891     0     0     0     0
4893     0     0     0     0
4895     0     0     0     0
4897     0     0     0     0
4899     0     0     0     0
4901     0     0     0     0
4903     0     0     0     0
4905     0     0     0     0
4907     0     0     0     0
4909     0     0     0     0
4911     0     0     0     0
4913     0     0     0     0
4915     0     0     0     0
4917     0     0     0     0
4919     0     0     0     0
4921     0     0     0     0
4923     0     0     0     0
4925     0     0     0     0
4927     0     0     0     0
4929     0     0     0     0
4931     0     0     0     0
4933     0     0     0     0
4935     0     0     0     0
4937     0     0     0     0
4939     0     0     0     0
4941     0     0     0     0
4943     0     0     0     0
4945     0     0     0     0
4947     0     0     0     0
4949     0     0     0     0
4951     0     0     0     0
4953     0     0     0     0
4955     0     0     0     0
4957     0     0     0     0
4959     0     0     0     0
4961     0     0     0     0
4963     0     0     0     0
4965     0     0     0     0
4967     0     0     0     0
4969     0     0     0     0
4971     0     0     0     0
4973     0     0     0     0
4975     0     0     0     0
4977     0     0     0     0
4979     0     0     0     0
4981     0     0     0     0
4983     0     0     0     0
4985     0     0     0     0
4987     0     0     0     0
4989     0     0     0     0
4991     0     0     0     0
4993     0     0     0     0
4995     0     0     0     0
4997     0     0     0     0
4999     0     0     0     0
