1     0     0     0     0
3     0     0     0     0
5     0     0     0     0
7     3.97018e-05     1.97596e-11     1.97574e-11     1.97602e-11
9     3.97018e-05     2.90758e-11     2.90726e-11     2.90767e-11
11     0     0     0     0
13     3.97018e-05     3.69768e-11     3.69727e-11     3.69779e-11
15     0     0     0     0
17     7.94036e-05     9.13962e-11     9.13862e-11     9.13991e-11
19     7.94036e-05     1.00606e-10     1.00595e-10     1.00609e-10
21     7.94036e-05     1.07343e-10     1.07332e-10     1.07347e-10
23     0.000119105     1.71943e-10     1.71924e-10     1.71948e-10
25     3.97018e-05     5.98664e-11     5.98599e-11     5.98683e-11
27     3.97018e-05     6.41632e-11     6.41562e-11     6.41652e-11
29     0.000158807     2.65536e-10     2.65507e-10     2.65545e-10
31     0.000158807     2.75835e-10     2.75805e-10     2.75844e-10
33     0.000198509     3.567e-10     3.56661e-10     3.56711e-10
35     0.000238211     4.45425e-10     4.45376e-10     4.45439e-10
37     0.000158807     3.05623e-10     3.0559e-10     3.05633e-10
39     7.94036e-05     1.57817e-10     1.578e-10     1.57822e-10
41     0.000198509     4.09648e-10     4.09603e-10     4.09661e-10
43     0.000238211     5.06809e-10     5.06754e-10     5.06825e-10
45     0.000238211     5.18625e-10     5.18568e-10     5.18641e-10
47     7.94036e-05     1.78632e-10     1.78612e-10     1.78637e-10
49     0.000238211     5.51759e-10     5.51699e-10     5.51777e-10
51     0.000198509     4.73106e-10     4.73054e-10     4.7312e-10
53     7.94036e-05     1.95502e-10     1.9548e-10     1.95508e-10
55     0.000277913     7.02572e-10     7.02495e-10     7.02594e-10
57     0.000198509     5.17448e-10     5.17391e-10     5.17464e-10
59     0.00043672     1.17569e-09     1.17556e-09     1.17573e-09
61     0.000397018     1.09373e-09     1.09361e-09     1.09377e-09
63     0.000397018     1.13021e-09     1.13009e-09     1.13025e-09
65     0.000158807     4.64509e-10     4.64458e-10     4.64524e-10
67     0.000238211     7.21465e-10     7.21386e-10     7.21488e-10
69     0.000277913     8.70489e-10     8.70394e-10     8.70517e-10
71     0.000357316     1.16322e-09     1.16309e-09     1.16325e-09
73     0.000555825     1.85839e-09     1.85818e-09     1.85845e-09
75     0.000754334     2.61243e-09     2.61214e-09     2.61251e-09
77     0.000674931     2.43521e-09     2.43494e-09     2.43529e-09
79     0.000238211     8.90009e-10     8.89912e-10     8.90037e-10
81     0.00043672     1.68996e-09     1.68978e-09     1.69002e-09
83     0.00043672     1.76965e-09     1.76945e-09     1.7697e-09
85     0.00043672     1.84408e-09     1.84388e-09     1.84414e-09
87     0.000357316     1.56294e-09     1.56277e-09     1.56299e-09
89     0.000476422     2.18077e-09     2.18053e-09     2.18084e-09
91     0.000397018     1.88749e-09     1.88728e-09     1.88755e-09
93     0.000277913     1.39862e-09     1.39847e-09     1.39866e-09
95     0.00087344     4.53971e-09     4.53922e-09     4.53986e-09
97     0.000555825     3.01044e-09     3.01011e-09     3.01054e-09
99     0.000674931     3.82841e-09     3.828e-09     3.82854e-09
101     0.000476422     2.8322e-09     2.83189e-09     2.83229e-09
103     0.000555825     3.45464e-09     3.45426e-09     3.45475e-09
105     0.000516123     3.3517e-09     3.35134e-09     3.35181e-09
107     0.000277913     1.88181e-09     1.88161e-09     1.88187e-09
109     0.000674931     4.80346e-09     4.80294e-09     4.80361e-09
111     0.000555825     4.14766e-09     4.14721e-09     4.14779e-09
113     0.000635229     5.00338e-09     5.00283e-09     5.00354e-09
115     0.000794036     6.66413e-09     6.6634e-09     6.66434e-09
117     0.000516123     4.596e-09     4.5955e-09     4.59615e-09
119     0.000674931     6.41158e-09     6.41088e-09     6.41178e-09
121     0.000833738     8.49255e-09     8.49162e-09     8.49281e-09
123     0.000516123     5.67349e-09     5.67287e-09     5.67367e-09
125     0.000674931     7.96937e-09     7.9685e-09     7.96962e-09
127     0.000476422     6.13694e-09     6.13627e-09     6.13714e-09
129     0.000516123     7.33162e-09     7.33082e-09     7.33185e-09
131     0.000635229     9.84509e-09     9.84401e-09     9.8454e-09
133     0.00115135     2.03356e-08     2.03334e-08     2.03363e-08
135     0.000952843     1.86145e-08     1.86125e-08     1.86151e-08
137     0.00111165     2.45592e-08     2.45565e-08     2.45599e-08
139     0.000635229     1.58989e-08     1.58972e-08     1.58994e-08
141     0.000674931     1.97283e-08     1.97261e-08     1.97289e-08
143     0.00111165     3.74886e-08     3.74845e-08     3.74898e-08
145     0.000833738     3.273e-08     3.27264e-08     3.2731e-08
147     0.00103225     4.75276e-08     4.75224e-08     4.75291e-08
149     0.000913141     5.08814e-08     5.08758e-08     5.0883e-08
151     0.00123076     8.54987e-08     8.54893e-08     8.55014e-08
153     0.00123076     1.05731e-07     1.05719e-07     1.05734e-07
155     0.000833738     9.41332e-08     9.41229e-08     9.41362e-08
157     0.000952843     1.48484e-07     1.48468e-07     1.48489e-07
159     0.000674931     1.63207e-07     1.63189e-07     1.63212e-07
161     0.000754334     2.97215e-07     2.97182e-07     2.97224e-07
163     0.00115135     7.9906e-07     7.98972e-07     7.99085e-07
165     0.000833738     7.77406e-07     7.77321e-07     7.77431e-07
167     0.000794036     9.30769e-07     9.30667e-07     9.30799e-07
169     0.00115135     1.62957e-06     1.62939e-06     1.62962e-06
171     0.000754334     1.2324e-06     1.23227e-06     1.23244e-06
173     0.00138956     2.57227e-06     2.57199e-06     2.57235e-06
175     0.000952843     1.997e-06     1.99679e-06     1.99707e-06
177     0.00111165     2.55711e-06     2.55683e-06     2.55719e-06
179     0.00146897     3.70802e-06     3.70762e-06     3.70814e-06
181     0.00107195     3.03928e-06     3.03895e-06     3.03938e-06
183     0.000674931     2.21558e-06     2.21534e-06     2.21565e-06
185     0.00103225     3.72536e-06     3.72495e-06     3.72548e-06
187     0.000913141     3.70453e-06     3.70413e-06     3.70465e-06
189     0.00111165     4.92458e-06     4.92404e-06     4.92473e-06
191     0.00107195     5.22931e-06     5.22874e-06     5.22947e-06
193     0.00131016     6.94517e-06     6.94441e-06     6.94539e-06
195     0.00142926     8.20075e-06     8.19986e-06     8.20101e-06
197     0.00174688     1.0746e-05     1.07448e-05     1.07463e-05
199     0.00150867     9.90358e-06     9.9025e-06     9.90389e-06
201     0.0021439     1.49567e-05     1.49551e-05     1.49572e-05
203     0.00138956     1.02809e-05     1.02798e-05     1.02812e-05
205     0.00111165     8.78052e-06     8.77956e-06     8.7808e-06
207     0.00131016     1.09647e-05     1.09635e-05     1.0965e-05
209     0.00150867     1.33989e-05     1.33974e-05     1.33993e-05
211     0.00138956     1.31522e-05     1.31508e-05     1.31526e-05
213     0.00162777     1.62697e-05     1.6268e-05     1.62703e-05
215     0.00123076     1.29959e-05     1.29945e-05     1.29963e-05
217     0.00194539     2.16221e-05     2.16198e-05     2.16228e-05
219     0.00166748     1.95525e-05     1.95503e-05     1.95531e-05
221     0.00154837     1.91338e-05     1.91317e-05     1.91344e-05
223     0.00146897     1.90764e-05     1.90743e-05     1.9077e-05
225     0.00178658     2.42455e-05     2.42428e-05     2.42462e-05
227     0.00146897     2.09155e-05     2.09133e-05     2.09162e-05
229     0.00146897     2.19951e-05     2.19927e-05     2.19958e-05
231     0.00186598     2.93042e-05     2.9301e-05     2.93052e-05
233     0.00170718     2.80952e-05     2.80921e-05     2.80961e-05
235     0.00162777     2.80365e-05     2.80334e-05     2.80374e-05
237     0.00170718     3.0817e-05     3.08136e-05     3.0818e-05
239     0.00170718     3.21346e-05     3.21311e-05     3.21356e-05
241     0.00202479     4.00235e-05     4.00191e-05     4.00247e-05
243     0.00170718     3.51947e-05     3.51908e-05     3.51958e-05
245     0.00178658     3.83848e-05     3.83806e-05     3.8386e-05
247     0.00206449     4.63602e-05     4.63551e-05     4.63616e-05
249     0.0022233     5.20677e-05     5.2062e-05     5.20694e-05
251     0.00202479     4.94337e-05     4.94283e-05     4.94353e-05
253     0.00246151     6.25439e-05     6.25371e-05     6.25459e-05
255     0.00158807     4.21201e-05     4.21155e-05     4.21214e-05
257     0.00206449     5.7015e-05     5.70088e-05     5.70168e-05
259     0.0021042     6.03487e-05     6.03421e-05     6.03506e-05
261     0.0023027     6.9002e-05     6.89945e-05     6.90042e-05
263     0.00178658     5.55364e-05     5.55304e-05     5.55382e-05
265     0.00250121     8.07344e-05     8.07256e-05     8.07369e-05
267     0.0022233     7.47076e-05     7.46995e-05     7.471e-05
269     0.00258062     8.96991e-05     8.96893e-05     8.9702e-05
271     0.00242181     8.7641e-05     8.76314e-05     8.76437e-05
273     0.00301734     0.000113399     0.000113387     0.000113403
275     0.00258062     0.000100663     0.000100652     0.000100666
277     0.00234241     9.4582e-05     9.45716e-05     9.45849e-05
279     0.0021439     8.99559e-05     8.99461e-05     8.99588e-05
281     0.00337465     0.000146242     0.000146226     0.000146246
283     0.00198509     8.95025e-05     8.94927e-05     8.95053e-05
285     0.00246151     0.000115124     0.000115111     0.000115128
287     0.00206449     9.95693e-05     9.95584e-05     9.95724e-05
289     0.00281883     0.000140743     0.000140728     0.000140748
291     0.00254092     0.00013136     0.000131346     0.000131364
293     0.00293793     0.000156805     0.000156788     0.00015681
295     0.00269972     0.00014924     0.000149223     0.000149244
297     0.00317614     0.000181565     0.000181545     0.000181571
299     0.00317614     0.000187515     0.000187495     0.000187521
301     0.00313644     0.000191255     0.000191234     0.000191261
303     0.00397018     0.000249797     0.00024977     0.000249805
305     0.00309674     0.000201437     0.000201415     0.000201444
307     0.00258062     0.000173497     0.000173478     0.000173502
309     0.00305704     0.000211892     0.000211868     0.000211898
311     0.00357316     0.000255861     0.000255833     0.000255869
313     0.00325555     0.000240393     0.000240367     0.000240401
315     0.0043672     0.000332706     0.00033267     0.000332716
317     0.00321585     0.000252793     0.000252765     0.000252801
319     0.00349376     0.00028253     0.000282499     0.000282538
321     0.00321585     0.000268229     0.0002682     0.000268238
323     0.00385107     0.000330612     0.000330576     0.000330622
325     0.00460541     0.00040749     0.000407446     0.000407503
327     0.0044466     0.000404493     0.000404449     0.000404506
329     0.0044466     0.000417124     0.000417079     0.000417138
331     0.00424809     0.000409352     0.000409308     0.000409365
333     0.00424809     0.000420902     0.000420856     0.000420915
335     0.00460541     0.000469342     0.00046929     0.000469356
337     0.00428779     0.000449986     0.000449937     0.00045
339     0.00416869     0.000449919     0.00044987     0.000449934
341     0.00528034     0.000586209     0.000586145     0.000586228
343     0.00456571     0.00052139     0.000521333     0.000521406
345     0.0043672     0.000512171     0.000512115     0.000512187
347     0.00532004     0.000643882     0.000643812     0.000643902
349     0.00567736     0.000709002     0.000708924     0.000709024
351     0.00528034     0.000681889     0.000681814     0.00068191
353     0.00575676     0.000769966     0.000769882     0.000769991
355     0.00539944     0.0007475     0.000747418     0.000747523
357     0.0066302     0.000952898     0.000952794     0.000952928
359     0.00559795     0.000833069     0.000832978     0.000833095
361     0.00547885     0.000845011     0.000844918     0.000845037
363     0.00528034     0.0008419     0.000841808     0.000841927
365     0.00547885     0.000904048     0.000903949     0.000904076
367     0.00694781     0.0011861     0.00118597     0.00118613
369     0.00698752     0.00123146     0.00123134     0.00123148
371     0.00674931     0.00123045     0.00123034     0.00123046
373     0.00575676     0.00108377     0.00108368     0.00108378
375     0.00730513     0.00142298     0.00142286     0.00142298
377     0.00758304     0.00152522     0.0015251     0.00152523
379     0.00730513     0.0015188     0.00151868     0.0015188
381     0.00801976     0.00172022     0.00172008     0.00172022
383     0.00801976     0.00177408     0.00177395     0.00177408
385     0.00798006     0.00181749     0.00181735     0.00181749
387     0.00901231     0.00211778     0.00211763     0.00211777
389     0.0087344     0.00211578     0.00211563     0.00211577
391     0.00794036     0.00197553     0.00197539     0.00197551
393     0.00932992     0.00239639     0.00239623     0.00239636
395     0.0088535     0.00233526     0.00233511     0.00233523
397     0.00909171     0.00246767     0.00246752     0.00246763
399     0.00869469     0.00242789     0.00242774     0.00242784
401     0.0100446     0.0028831     0.00288293     0.00288303
403     0.0103622     0.00306122     0.00306105     0.00306114
405     0.0119105     0.00361352     0.00361334     0.00361341
407     0.0120296     0.0037515     0.00375133     0.00375138
409     0.0117914     0.00377818     0.00377801     0.00377804
411     0.0112753     0.00371275     0.0037126     0.0037126
413     0.0139353     0.00470923     0.00470907     0.00470901
415     0.0119105     0.0041346     0.00413448     0.00413439
417     0.0124664     0.00444252     0.00444242     0.00444228
419     0.0140941     0.00515214     0.00515204     0.00515182
421     0.013975     0.00524059     0.00524054     0.00524023
423     0.0144118     0.00554769     0.00554767     0.00554727
425     0.015444     0.0060981     0.00609811     0.00609761
427     0.0173497     0.00702664     0.00702673     0.007026
429     0.0180643     0.00749921     0.00749939     0.00749844
431     0.0170718     0.00727156     0.00727179     0.00727076
433     0.0187392     0.00818641     0.00818674     0.00818543
435     0.0183422     0.00821689     0.00821736     0.00821576
437     0.0198112     0.00910185     0.0091025     0.00910049
439     0.0227094     0.0107063     0.0107072     0.0107045
441     0.023305     0.0112668     0.0112679     0.0112648
443     0.0223918     0.0110995     0.0111009     0.0110972
445     0.0251709     0.0128078     0.0128097     0.0128049
447     0.0264414     0.0137996     0.0138019     0.0137963
449     0.0292999     0.0156776     0.0156806     0.0156734
451     0.0299352     0.0164421     0.0164459     0.016437
453     0.0320791     0.0180662     0.0180708     0.0180601
455     0.030888     0.0178575     0.0178627     0.017851
457     0.03462     0.020536     0.0205429     0.0205275
459     0.0367242     0.0223865     0.0223954     0.0223761
461     0.0386299     0.0241884     0.0241991     0.024176
463     0.0383519     0.0246744     0.0246865     0.0246607
465     0.0445057     0.0294267     0.0294437     0.0294079
467     0.0426397     0.0289976     0.0290167     0.0289769
469     0.0462129     0.0323451     0.0323689     0.0323197
471     0.0532798     0.0383888     0.0384199     0.0383559
473     0.0520491     0.0386109     0.0386481     0.0385725
475     0.05725     0.0437258     0.0437727     0.043678
477     0.0587984     0.0462722     0.046327     0.046217
479     0.0604658     0.049037     0.0491012     0.0489731
481     0.0630862     0.0527146     0.0527944     0.0526363
483     0.0678107     0.0584087     0.0585051     0.0583152
485     0.0715823     0.0635629     0.0636762     0.0634538
487     0.068962     0.0630454     0.0631685     0.0629279
489     0.0734483     0.0691153     0.0692634     0.0689757
491     0.0711456     0.0688327     0.0689877     0.0686873
493     0.0729719     0.0724389     0.0726088     0.0722805
495     0.0777361     0.0790775     0.0792721     0.078897
497     0.0765848     0.0796411     0.0798406     0.0794565
499     0.074163     0.0786996     0.0788963     0.0785179
501     0.0767436     0.0828649     0.0826639     0.0830816
503     0.0696767     0.0763574     0.0761778     0.0765506
505     0.0707883     0.0785698     0.0783931     0.078759
507     0.0666593     0.0747891     0.0746295     0.0749592
509     0.0643963     0.0728748     0.0727282     0.0730298
511     0.0616569     0.0702773     0.0701504     0.07041
513     0.0606643     0.0695612     0.0694457     0.0696809
515     0.0537165     0.0619102     0.0618159     0.0620068
517     0.0524858     0.0607666     0.0606838     0.0608503
519     0.0492302     0.057241     0.0571733     0.0573084
521     0.0498655     0.0582293     0.0581671     0.0582903
523     0.0429573     0.0503757     0.0503273     0.0504223
525     0.040734     0.0479918     0.0479518     0.0480297
527     0.0379152     0.0448947     0.0448622     0.0449249
529     0.0381534     0.045425     0.0453955     0.0454519
531     0.0315232     0.0377483     0.0377262     0.037768
533     0.0320394     0.0386086     0.0385891     0.0386255
535     0.0302528     0.0367159     0.0366993     0.0367298
537     0.0271163     0.0331545     0.0331409     0.0331656
539     0.0270369     0.0333252     0.0333128     0.0333351
541     0.0238211     0.0296104     0.0296008     0.0296177
543     0.0236226     0.0296306     0.0296217     0.0296371
545     0.0243769     0.0308628     0.0308543     0.0308689
547     0.0215184     0.027524     0.027517     0.0275288
549     0.0188981     0.0244292     0.0244236     0.0244328
551     0.0192157     0.0251062     0.0251008     0.0251096
553     0.0177864     0.0234952     0.0234904     0.0234981
555     0.0152455     0.0203726     0.0203687     0.0203748
557     0.015047     0.0203445     0.0203409     0.0203465
559     0.0157616     0.021545     0.0215413     0.021547
561     0.0136971     0.0189415     0.0189384     0.0189431
563     0.0136971     0.0191399     0.0191369     0.0191414
565     0.0125061     0.0176726     0.01767     0.0176739
567     0.0123473     0.0176488     0.0176462     0.0176499
569     0.0119899     0.0173306     0.0173282     0.0173317
571     0.0124664     0.0182461     0.0182436     0.0182471
573     0.0108386     0.0160661     0.0160639     0.0160669
575     0.00944903     0.0141844     0.0141825     0.0141851
577     0.00968724     0.0147322     0.0147303     0.0147329
579     0.00821827     0.0126542     0.0126527     0.0126548
581     0.00865499     0.0135012     0.0134996     0.0135018
583     0.00849618     0.0134073     0.0134057     0.0134079
585     0.00805947     0.0128818     0.0128803     0.0128823
587     0.00774185     0.0125308     0.0125293     0.0125313
589     0.00805947     0.0132169     0.0132153     0.0132174
591     0.00651109     0.0108262     0.0108249     0.0108266
593     0.00627288     0.0105775     0.0105763     0.0105779
595     0.00559795     0.00957848     0.00957738     0.00957883
597     0.00575676     0.00998583     0.00998469     0.00998618
599     0.00551855     0.00971002     0.00970892     0.00971036
601     0.00571706     0.0101886     0.0101875     0.010189
603     0.00524064     0.009457     0.00945594     0.00945732
605     0.00500243     0.00913027     0.00912925     0.00913058
607     0.00567736     0.0104925     0.0104913     0.0104928
609     0.0043275     0.00808935     0.00808845     0.00808962
611     0.00472451     0.00893894     0.00893795     0.00893923
613     0.00460541     0.00882939     0.00882841     0.00882968
615     0.00460541     0.00894777     0.00894678     0.00894805
617     0.00416869     0.00820699     0.00820609     0.00820725
619     0.00385107     0.0076895     0.00768865     0.00768974
621     0.00361286     0.00730473     0.00730393     0.00730496
623     0.00333495     0.00683606     0.00683531     0.00683627
625     0.0044466     0.00923099     0.00922998     0.00923128
627     0.00273942     0.00575714     0.00575651     0.00575732
629     0.00281883     0.00599772     0.00599706     0.00599791
631     0.00293793     0.00633099     0.0063303     0.00633119
633     0.00285853     0.00623731     0.00623662     0.00623751
635     0.00301734     0.00666487     0.00666414     0.00666508
637     0.00262032     0.00585967     0.00585903     0.00585986
639     0.00250121     0.00565632     0.0056557     0.0056565
641     0.00254092     0.00582357     0.00582293     0.00582375
643     0.00262032     0.00608413     0.00608347     0.00608433
645     0.00285853     0.00673528     0.00673455     0.0067355
647     0.00277913     0.00662952     0.0066288     0.00662973
649     0.00242181     0.00585114     0.0058505     0.00585132
651     0.00174688     0.00427688     0.00427641     0.00427701
653     0.00206449     0.00512341     0.00512285     0.00512357
655     0.00246151     0.00617942     0.00617874     0.00617961
657     0.00198509     0.00505201     0.00505146     0.00505217
659     0.002263     0.00582502     0.00582438     0.0058252
661     0.00194539     0.00507529     0.00507474     0.00507545
663     0.00162777     0.00430037     0.0042999     0.00430051
665     0.00194539     0.00520268     0.00520211     0.00520284
667     0.00178658     0.00483411     0.00483358     0.00483426
669     0.00170718     0.00467808     0.00467756     0.00467822
671     0.00174688     0.0048465     0.00484597     0.00484665
673     0.00146897     0.00411699     0.00411654     0.00411712
675     0.00166748     0.00473112     0.0047306     0.00473127
677     0.00198509     0.00570141     0.00570079     0.00570159
679     0.00186598     0.00542361     0.00542302     0.00542378
681     0.00154837     0.0045507     0.0045502     0.00455084
683     0.00127046     0.00377996     0.00377954     0.00378007
685     0.00119105     0.00358388     0.00358348     0.00358399
687     0.00190569     0.00579365     0.00579302     0.00579384
689     0.00154837     0.00475826     0.00475774     0.00475841
691     0.00119105     0.00370833     0.00370793     0.00370845
693     0.00107195     0.00337555     0.00337518     0.00337565
695     0.00142926     0.00455667     0.00455617     0.00455681
697     0.00127046     0.00409759     0.00409714     0.00409771
699     0.00138956     0.00453734     0.00453685     0.00453749
701     0.00142926     0.0047199     0.00471939     0.00472005
703     0.000794036     0.00265396     0.00265367     0.00265405
705     0.00111165     0.00376165     0.00376124     0.00376177
707     0.00107195     0.00366718     0.00366678     0.00366729
709     0.00103225     0.00356863     0.00356824     0.00356874
711     0.00127046     0.00444958     0.00444909     0.00444971
713     0.000714632     0.00253408     0.0025338     0.00253416
715     0.00119105     0.0042721     0.00427163     0.00427224
717     0.00087344     0.00317555     0.0031752     0.00317565
719     0.00087344     0.00321507     0.00321472     0.00321517
721     0.000913141     0.00339454     0.00339417     0.00339465
723     0.000952843     0.00357962     0.00357922     0.00357973
725     0.000913141     0.0034727     0.00347232     0.00347281
727     0.000913141     0.00350609     0.00350571     0.0035062
729     0.000992545     0.00385219     0.00385177     0.00385231
731     0.00107195     0.00420428     0.00420382     0.00420441
733     0.000674931     0.00267492     0.00267463     0.002675
735     0.000635229     0.00254826     0.00254798     0.00254834
737     0.000992545     0.00402953     0.00402909     0.00402965
739     0.000952843     0.00391338     0.00391295     0.0039135
741     0.000476422     0.00198229     0.00198208     0.00198236
743     0.000754334     0.00317145     0.0031711     0.00317155
745     0.000833738     0.00354889     0.0035485     0.003549
747     0.000516123     0.00222391     0.00222367     0.00222398
749     0.000674931     0.00294119     0.00294087     0.00294128
751     0.000714632     0.00314381     0.00314347     0.00314391
753     0.000397018     0.00176689     0.0017667     0.00176695
755     0.000555825     0.00249835     0.00249808     0.00249843
757     0.000674931     0.00306885     0.00306851     0.00306894
759     0.000357316     0.00164111     0.00164093     0.00164116
761     0.000595527     0.00276414     0.00276384     0.00276423
763     0.00087344     0.00409563     0.00409518     0.00409576
765     0.000754334     0.00357491     0.00357452     0.00357502
767     0.00087344     0.00418515     0.00418469     0.00418528
769     0.000317614     0.00153844     0.00153828     0.00153849
771     0.000674931     0.00331104     0.00331067     0.00331114
773     0.000635229     0.00315026     0.00314991     0.00315036
775     0.000833738     0.00418164     0.00418118     0.00418177
777     0.000674931     0.00342377     0.00342339     0.00342388
779     0.000317614     0.00162865     0.00162847     0.0016287
781     0.000476422     0.00246616     0.00246589     0.00246624
783     0.000714632     0.0037434     0.003743     0.00374352
785     0.000277913     0.00147292     0.00147276     0.00147296
787     0.000595527     0.00317974     0.0031794     0.00317984
789     0.000277913     0.00150224     0.00150207     0.00150228
791     0.000674931     0.0036824     0.00368199     0.00368251
793     0.000357316     0.00196686     0.00196665     0.00196692
795     0.000397018     0.00220675     0.00220651     0.00220682
797     0.000555825     0.00312171     0.00312137     0.00312181
799     0.000595527     0.00338076     0.00338039     0.00338087
801     0.000397018     0.00228003     0.00227978     0.0022801
803     0.000635229     0.00369542     0.00369502     0.00369554
805     0.000357316     0.00209775     0.00209752     0.00209782
807     0.000238211     0.00141591     0.00141576     0.00141596
809     0.000357316     0.00214485     0.00214461     0.00214491
811     0.000516123     0.00313655     0.00313621     0.00313665
813     0.000277913     0.00170551     0.00170533     0.00170557
815     0.000397018     0.00246236     0.00246209     0.00246244
817     0.000277913     0.00174205     0.00174186     0.0017421
819     0.000476422     0.00301405     0.00301372     0.00301415
821     0.00043672     0.00279123     0.00279092     0.00279131
823     0.000516123     0.00333205     0.00333169     0.00333216
825     0.000317614     0.00207549     0.00207526     0.00207555
827     0.000317614     0.00209267     0.00209244     0.00209274
829     0.000119105     0.000792526     0.000792439     0.000792551
831     0.000238211     0.00160314     0.00160296     0.00160319
833     0.00043672     0.00297031     0.00296999     0.0029704
835     0.000397018     0.00272545     0.00272515     0.00272554
837     0.000317614     0.00220515     0.00220491     0.00220522
839     0.00043672     0.00306043     0.00306009     0.00306052
841     0.000516123     0.00365609     0.00365569     0.0036562
843     0.000119105     0.000852966     0.000852873     0.000852993
845     0.000158807     0.00115058     0.00115045     0.00115062
847     0.000238211     0.00174163     0.00174144     0.00174168
849     0.000476422     0.0035102     0.00350981     0.00351031
851     0.000158807     0.00118329     0.00118316     0.00118332
853     0.000317614     0.0023917     0.00239143     0.00239177
855     0.000238211     0.00181533     0.00181513     0.00181539
857     0.000476422     0.00366577     0.00366537     0.00366588
859     7.94036e-05     0.000617063     0.000616996     0.000617082
861     7.94036e-05     0.000622985     0.000622917     0.000623004
863     0.000198509     0.00157184     0.00157166     0.00157188
865     0.000357316     0.00285843     0.00285812     0.00285852
867     0.000198509     0.00160679     0.00160662     0.00160685
869     0.00043672     0.00356375     0.00356336     0.00356386
871     0.000238211     0.00196372     0.00196351     0.00196378
873     0.000238211     0.00198063     0.00198042     0.00198069
875     0.000277913     0.00233494     0.00233468     0.00233501
877     0.000158807     0.00134281     0.00134266     0.00134285
879     7.94036e-05     0.000679142     0.000679067     0.000679163
881     0.000158807     0.0013712     0.00137105     0.00137124
883     0.000158807     0.0013863     0.00138615     0.00138634
885     0.000158807     0.00139977     0.00139962     0.00139981
887     0.000277913     0.00247415     0.00247388     0.00247423
889     0.00043672     0.00392148     0.00392105     0.0039216
891     0.000476422     0.00432571     0.00432524     0.00432584
893     0.000158807     0.00145651     0.00145635     0.00145656
895     7.94036e-05     0.000732579     0.000732499     0.000732602
897     0.000198509     0.00185539     0.00185519     0.00185545
899     0.000198509     0.00187213     0.00187192     0.00187219
901     0.000158807     0.00151767     0.0015175     0.00151771
903     0.000119105     0.00114904     0.00114891     0.00114908
905     0.000238211     0.0023182     0.00231795     0.00231827
907     0     0     0     0
909     0.000158807     0.00157361     0.00157344     0.00157366
911     0.000158807     0.00158738     0.00158721     0.00158743
913     0.000317614     0.00321523     0.00321488     0.00321533
915     0.000238211     0.00242801     0.00242774     0.00242808
917     0.000158807     0.00163469     0.00163451     0.00163474
919     0.000119105     0.00124189     0.00124176     0.00124193
921     0.000317614     0.00334172     0.00334135     0.00334182
923     7.94036e-05     0.000842602     0.00084251     0.000842628
925     7.94036e-05     0.000850448     0.000850355     0.000850475
927     7.94036e-05     0.000856546     0.000856452     0.000856573
929     0.000198509     0.00216603     0.00216579     0.0021661
931     0.000317614     0.00349225     0.00349187     0.00349236
933     3.97018e-05     0.000443203     0.000443154     0.000443217
935     0.000198509     0.00223135     0.00223111     0.00223142
937     3.97018e-05     0.000450536     0.000450487     0.00045055
939     0.000119105     0.00136333     0.00136318     0.00136338
941     0.000119105     0.00137681     0.00137666     0.00137686
943     0.000119105     0.0013858     0.00138565     0.00138584
945     7.94036e-05     0.000936713     0.000936611     0.000936742
947     0.000277913     0.00329464     0.00329428     0.00329474
949     0.000198509     0.00238545     0.00238518     0.00238552
951     0.000119105     0.00143895     0.00143879     0.00143899
953     7.94036e-05     0.000971378     0.000971272     0.000971408
955     0.000119105     0.00146638     0.00146622     0.00146642
957     0.000119105     0.00147861     0.00147845     0.00147865
959     0.000119105     0.00149787     0.00149771     0.00149792
961     0.000119105     0.00150646     0.00150629     0.0015065
963     0.000158807     0.00203786     0.00203764     0.00203793
965     7.94036e-05     0.00102514     0.00102503     0.00102518
967     7.94036e-05     0.00103761     0.0010375     0.00103765
969     0.000198509     0.00261655     0.00261626     0.00261663
971     3.97018e-05     0.000527814     0.000527756     0.000527831
973     0.000158807     0.00213544     0.0021352     0.00213551
975     3.97018e-05     0.000538081     0.000538022     0.000538098
977     0.000119105     0.00162478     0.00162461     0.00162484
979     7.94036e-05     0.00109705     0.00109693     0.00109709
981     0     0     0     0
983     0.000119105     0.00167626     0.00167608     0.00167631
985     0.000158807     0.00224875     0.0022485     0.00224882
987     0.000119105     0.00170321     0.00170302     0.00170326
989     7.94036e-05     0.0011461     0.00114598     0.00114614
991     3.97018e-05     0.000576316     0.000576253     0.000576334
993     0.000198509     0.00292355     0.00292323     0.00292365
995     0.000158807     0.00235718     0.00235692     0.00235725
997     0.000119105     0.00178084     0.00178064     0.00178089
999     0     0     0     0
1001     0.000119105     0.00182331     0.00182311     0.00182337
1003     3.97018e-05     0.000609625     0.000609558     0.000609644
1005     7.94036e-05     0.00123865     0.00123851     0.00123869
1007     0     0     0     0
1009     0.000119105     0.00188886     0.00188866     0.00188892
1011     0     0     0     0
1013     3.97018e-05     0.000642329     0.000642259     0.000642349
1015     0.000198509     0.0032339     0.00323355     0.00323401
1017     0.000198509     0.00326401     0.00326365     0.00326411
1019     0.000119105     0.00197844     0.00197823     0.00197851
1021     0     0     0     0
1023     0.000158807     0.00268469     0.0026844     0.00268477
1025     3.97018e-05     0.000676126     0.000676052     0.000676147
1027     3.97018e-05     0.000684647     0.000684572     0.000684669
1029     0.000198509     0.00344699     0.00344661     0.0034471
1031     7.94036e-05     0.00139238     0.00139223     0.00139243
1033     0     0     0     0
1035     7.94036e-05     0.00141245     0.0014123     0.0014125
1037     0.000119105     0.0021409     0.00214067     0.00214097
1039     7.94036e-05     0.00144628     0.00144613     0.00144633
1041     0     0     0     0
1043     0     0     0     0
1045     3.97018e-05     0.000742735     0.000742653     0.000742758
1047     7.94036e-05     0.00149241     0.00149225     0.00149246
1049     7.94036e-05     0.0015141     0.00151394     0.00151415
1051     3.97018e-05     0.000759574     0.000759491     0.000759598
1053     0     0     0     0
1055     0     0     0     0
1057     0.000158807     0.00313357     0.00313323     0.00313367
1059     0.000119105     0.00237415     0.00237389     0.00237422
1061     0.000238211     0.00479048     0.00478996     0.00479063
1063     3.97018e-05     0.000807424     0.000807335     0.000807449
1065     3.97018e-05     0.000810024     0.000809936     0.00081005
1067     3.97018e-05     0.000817092     0.000817002     0.000817117
1069     3.97018e-05     0.000830865     0.000830774     0.000830891
1071     0.000119105     0.00250578     0.00250551     0.00250586
1073     0     0     0     0
1075     0.000119105     0.00255473     0.00255445     0.00255481
1077     3.97018e-05     0.000860243     0.000860149     0.00086027
1079     3.97018e-05     0.000868701     0.000868606     0.000868728
1081     7.94036e-05     0.00174806     0.00174787     0.00174812
1083     3.97018e-05     0.000882582     0.000882486     0.00088261
1085     3.97018e-05     0.000891661     0.000891563     0.000891689
1087     0.000119105     0.00269785     0.00269756     0.00269794
1089     3.97018e-05     0.000907712     0.000907613     0.000907741
1091     3.97018e-05     0.000911114     0.000911015     0.000911143
1093     7.94036e-05     0.0018392     0.001839     0.00183926
1095     0     0     0     0
1097     0.000119105     0.00281909     0.00281878     0.00281918
1099     0.000158807     0.00378397     0.00378355     0.00378408
1101     7.94036e-05     0.00191401     0.00191381     0.00191407
1103     0     0     0     0
1105     0     0     0     0
1107     0     0     0     0
1109     3.97018e-05     0.000986118     0.00098601     0.000986148
1111     3.97018e-05     0.000998434     0.000998325     0.000998465
1113     7.94036e-05     0.00200713     0.00200691     0.00200719
1115     3.97018e-05     0.00101464     0.00101453     0.00101467
1117     7.94036e-05     0.0020528     0.00205258     0.00205287
1119     3.97018e-05     0.00103637     0.00103626     0.00103641
1121     0     0     0     0
1123     0     0     0     0
1125     7.94036e-05     0.00212574     0.0021255     0.0021258
1127     0     0     0     0
1129     7.94036e-05     0.00216207     0.00216183     0.00216214
1131     3.97018e-05     0.00109226     0.00109214     0.00109229
1133     0     0     0     0
1135     0.000198509     0.00552305     0.00552245     0.00552322
1137     3.97018e-05     0.00111369     0.00111356     0.00111372
1139     0     0     0     0
1141     7.94036e-05     0.00227401     0.00227376     0.00227408
1143     3.97018e-05     0.00114534     0.00114521     0.00114537
1145     3.97018e-05     0.00115303     0.0011529     0.00115306
1147     3.97018e-05     0.0011666     0.00116647     0.00116663
1149     3.97018e-05     0.00117635     0.00117622     0.00117638
1151     7.94036e-05     0.00236941     0.00236915     0.00236948
1153     0     0     0     0
1155     0     0     0     0
1157     3.97018e-05     0.00121358     0.00121344     0.00121361
1159     0.000119105     0.00367945     0.00367905     0.00367957
1161     0.000158807     0.00494695     0.0049464     0.0049471
1163     7.94036e-05     0.00248787     0.0024876     0.00248795
1165     0     0     0     0
1167     0     0     0     0
1169     0     0     0     0
1171     0     0     0     0
1173     0.000119105     0.00389507     0.00389464     0.00389519
1175     3.97018e-05     0.00131342     0.00131328     0.00131346
1177     3.97018e-05     0.00132685     0.0013267     0.00132689
1179     3.97018e-05     0.00132948     0.00132933     0.00132952
1181     0     0     0     0
1183     0     0     0     0
1185     0     0     0     0
1187     0     0     0     0
1189     0     0     0     0
1191     0     0     0     0
1193     0     0     0     0
1195     0     0     0     0
1197     0     0     0     0
1199     0     0     0     0
1201     0     0     0     0
1203     0     0     0     0
1205     0     0     0     0
1207     0     0     0     0
1209     0     0     0     0
1211     0     0     0     0
1213     0     0     0     0
1215     0     0     0     0
1217     0     0     0     0
1219     0     0     0     0
1221     0     0     0     0
1223     0     0     0     0
1225     0     0     0     0
1227     0     0     0     0
1229     0     0     0     0
1231     0     0     0     0
1233     0     0     0     0
1235     0     0     0     0
1237     0     0     0     0
1239     0     0     0     0
1241     0     0     0     0
1243     0     0     0     0
1245     0     0     0     0
1247     0     0     0     0
1249     0     0     0     0
1251     0     0     0     0
1253     0     0     0     0
1255     0     0     0     0
1257     0     0     0     0
1259     0     0     0     0
1261     0     0     0     0
1263     0     0     0     0
1265     0     0     0     0
1267     0     0     0     0
1269     0     0     0     0
1271     0     0     0     0
1273     0     0     0     0
1275     0     0     0     0
1277     0     0     0     0
1279     0     0     0     0
1281     0     0     0     0
1283     0     0     0     0
1285     0     0     0     0
1287     0     0     0     0
1289     0     0     0     0
1291     0     0     0     0
1293     0     0     0     0
1295     0     0     0     0
1297     0     0     0     0
1299     0     0     0     0
1301     0     0     0     0
1303     0     0     0     0
1305     0     0     0     0
1307     0     0     0     0
1309     0     0     0     0
1311     0     0     0     0
1313     0     0     0     0
1315     0     0     0     0
1317     0     0     0     0
1319     0     0     0     0
1321     0     0     0     0
1323     0     0     0     0
1325     0     0     0     0
1327     0     0     0     0
1329     0     0     0     0
1331     0     0     0     0
1333     0     0     0     0
1335     0     0     0     0
1337     0     0     0     0
1339     0     0     0     0
1341     0     0     0     0
1343     0     0     0     0
1345     0     0     0     0
1347     0     0     0     0
1349     0     0     0     0
1351     0     0     0     0
1353     0     0     0     0
1355     0     0     0     0
1357     0     0     0     0
1359     0     0     0     0
1361     0     0     0     0
1363     0     0     0     0
1365     0     0     0     0
1367     0     0     0     0
1369     0     0     0     0
1371     0     0     0     0
1373     0     0     0     0
1375     0     0     0     0
1377     0     0     0     0
1379     0     0     0     0
1381     0     0     0     0
1383     0     0     0     0
1385     0     0     0     0
1387     0     0     0     0
1389     0     0     0     0
1391     0     0     0     0
1393     0     0     0     0
1395     0     0     0     0
1397     0     0     0     0
1399     0     0     0     0
1401     0     0     0     0
1403     0     0     0     0
1405     0     0     0     0
1407     0     0     0     0
1409     0     0     0     0
1411     0     0     0     0
1413     0     0     0     0
1415     0     0     0     0
1417     0     0     0     0
1419     0     0     0     0
1421     0     0     0     0
1423     0     0     0     0
1425     0     0     0     0
1427     0     0     0     0
1429     0     0     0     0
1431     0     0     0     0
1433     0     0     0     0
1435     0     0     0     0
1437     0     0     0     0
1439     0     0     0     0
1441     0     0     0     0
1443     0     0     0     0
1445     0     0     0     0
1447     0     0     0     0
1449     0     0     0     0
1451     0     0     0     0
1453     0     0     0     0
1455     0     0     0     0
1457     0     0     0     0
1459     0     0     0     0
1461     0     0     0     0
1463     0     0     0     0
1465     0     0     0     0
1467     0     0     0     0
1469     0     0     0     0
1471     0     0     0     0
1473     0     0     0     0
1475     0     0     0     0
1477     0     0     0     0
1479     0     0     0     0
1481     0     0     0     0
1483     0     0     0     0
1485     0     0     0     0
1487     0     0     0     0
1489     0     0     0     0
1491     0     0     0     0
1493     0     0     0     0
1495     0     0     0     0
1497     0     0     0     0
1499     0     0     0     0
1501     0     0     0     0
1503     0     0     0     0
1505     0     0     0     0
1507     0     0     0     0
1509     0     0     0     0
1511     0     0     0     0
1513     0     0     0     0
1515     0     0     0     0
1517     0     0     0     0
1519     0     0     0     0
1521     0     0     0     0
1523     0     0     0     0
1525     0     0     0     0
1527     0     0     0     0
1529     0     0     0     0
1531     0     0     0     0
1533     0     0     0     0
1535     0     0     0     0
1537     0     0     0     0
1539     0     0     0     0
1541     0     0     0     0
1543     0     0     0     0
1545     0     0     0     0
1547     0     0     0     0
1549     0     0     0     0
1551     0     0     0     0
1553     0     0     0     0
1555     0     0     0     0
1557     0     0     0     0
1559     0     0     0     0
1561     0     0     0     0
1563     0     0     0     0
1565     0     0     0     0
1567     0     0     0     0
1569     0     0     0     0
1571     0     0     0     0
1573     0     0     0     0
1575     0     0     0     0
1577     0     0     0     0
1579     0     0     0     0
1581     0     0     0     0
1583     0     0     0     0
1585     0     0     0     0
1587     0     0     0     0
1589     0     0     0     0
1591     0     0     0     0
1593     0     0     0     0
1595     0     0     0     0
1597     0     0     0     0
1599     0     0     0     0
1601     0     0     0     0
1603     0     0     0     0
1605     0     0     0     0
1607     0     0     0     0
1609     0     0     0     0
1611     0     0     0     0
1613     0     0     0     0
1615     0     0     0     0
1617     0     0     0     0
1619     0     0     0     0
1621     0     0     0     0
1623     0     0     0     0
1625     0     0     0     0
1627     0     0     0     0
1629     0     0     0     0
1631     0     0     0     0
1633     0     0     0     0
1635     0     0     0     0
1637     0     0     0     0
1639     0     0     0     0
1641     0     0     0     0
1643     0     0     0     0
1645     0     0     0     0
1647     0     0     0     0
1649     0     0     0     0
1651     0     0     0     0
1653     0     0     0     0
1655     0     0     0     0
1657     0     0     0     0
1659     0     0     0     0
1661     0     0     0     0
1663     0     0     0     0
1665     0     0     0     0
1667     0     0     0     0
1669     0     0     0     0
1671     0     0     0     0
1673     0     0     0     0
1675     0     0     0     0
1677     0     0     0     0
1679     0     0     0     0
1681     0     0     0     0
1683     0     0     0     0
1685     0     0     0     0
1687     0     0     0     0
1689     0     0     0     0
1691     0     0     0     0
1693     0     0     0     0
1695     0     0     0     0
1697     0     0     0     0
1699     0     0     0     0
1701     0     0     0     0
1703     0     0     0     0
1705     0     0     0     0
1707     0     0     0     0
1709     0     0     0     0
1711     0     0     0     0
1713     0     0     0     0
1715     0     0     0     0
1717     0     0     0     0
1719     0     0     0     0
1721     0     0     0     0
1723     0     0     0     0
1725     0     0     0     0
1727     0     0     0     0
1729     0     0     0     0
1731     0     0     0     0
1733     0     0     0     0
1735     0     0     0     0
1737     0     0     0     0
1739     0     0     0     0
1741     0     0     0     0
1743     0     0     0     0
1745     0     0     0     0
1747     0     0     0     0
1749     0     0     0     0
1751     0     0     0     0
1753     0     0     0     0
1755     0     0     0     0
1757     0     0     0     0
1759     0     0     0     0
1761     0     0     0     0
1763     0     0     0     0
1765     0     0     0     0
1767     0     0     0     0
1769     0     0     0     0
1771     0     0     0     0
1773     0     0     0     0
1775     0     0     0     0
1777     0     0     0     0
1779     0     0     0     0
1781     0     0     0     0
1783     0     0     0     0
1785     0     0     0     0
1787     0     0     0     0
1789     0     0     0     0
1791     0     0     0     0
1793     0     0     0     0
1795     0     0     0     0
1797     0     0     0     0
1799     0     0     0     0
1801     0     0     0     0
1803     0     0     0     0
1805     0     0     0     0
1807     0     0     0     0
1809     0     0     0     0
1811     0     0     0     0
1813     0     0     0     0
1815     0     0     0     0
1817     0     0     0     0
1819     0     0     0     0
1821     0     0     0     0
1823     0     0     0     0
1825     0     0     0     0
1827     0     0     0     0
1829     0     0     0     0
1831     0     0     0     0
1833     0     0     0     0
1835     0     0     0     0
1837     0     0     0     0
1839     0     0     0     0
1841     0     0     0     0
1843     0     0     0     0
1845     0     0     0     0
1847     0     0     0     0
1849     0     0     0     0
1851     0     0     0     0
1853     0     0     0     0
1855     0     0     0     0
1857     0     0     0     0
1859     0     0     0     0
1861     0     0     0     0
1863     0     0     0     0
1865     0     0     0     0
1867     0     0     0     0
1869     0     0     0     0
1871     0     0     0     0
1873     0     0     0     0
1875     0     0     0     0
1877     0     0     0     0
1879     0     0     0     0
1881     0     0     0     0
1883     0     0     0     0
1885     0     0     0     0
1887     0     0     0     0
1889     0     0     0     0
1891     0     0     0     0
1893     0     0     0     0
1895     0     0     0     0
1897     0     0     0     0
1899     0     0     0     0
1901     0     0     0     0
1903     0     0     0     0
1905     0     0     0     0
1907     0     0     0     0
1909     0     0     0     0
1911     0     0     0     0
1913     0     0     0     0
1915     0     0     0     0
1917     0     0     0     0
1919     0     0     0     0
1921     0     0     0     0
1923     0     0     0     0
1925     0     0     0     0
1927     0     0     0     0
1929     0     0     0     0
1931     0     0     0     0
1933     0     0     0     0
1935     0     0     0     0
1937     0     0     0     0
1939     0     0     0     0
1941     0     0     0     0
1943     0     0     0     0
1945     0     0     0     0
1947     0     0     0     0
1949     0     0     0     0
1951     0     0     0     0
1953     0     0     0     0
1955     0     0     0     0
1957     0     0     0     0
1959     0     0     0     0
1961     0     0     0     0
1963     0     0     0     0
1965     0     0     0     0
1967     0     0     0     0
1969     0     0     0     0
1971     0     0     0     0
1973     0     0     0     0
1975     0     0     0     0
1977     0     0     0     0
1979     0     0     0     0
1981     0     0     0     0
1983     0     0     0     0
1985     0     0     0     0
1987     0     0     0     0
1989     0     0     0     0
1991     0     0     0     0
1993     0     0     0     0
1995     0     0     0     0
1997     0     0     0     0
1999     0     0     0     0
2001     0     0     0     0
2003     0     0     0     0
2005     0     0     0     0
2007     0     0     0     0
2009     0     0     0     0
2011     0     0     0     0
2013     0     0     0     0
2015     0     0     0     0
2017     0     0     0     0
2019     0     0     0     0
2021     0     0     0     0
2023     0     0     0     0
2025     0     0     0     0
2027     0     0     0     0
2029     0     0     0     0
2031     0     0     0     0
2033     0     0     0     0
2035     0     0     0     0
2037     0     0     0     0
2039     0     0     0     0
2041     0     0     0     0
2043     0     0     0     0
2045     0     0     0     0
2047     0     0     0     0
2049     0     0     0     0
2051     0     0     0     0
2053     0     0     0     0
2055     0     0     0     0
2057     0     0     0     0
2059     0     0     0     0
2061     0     0     0     0
2063     0     0     0     0
2065     0     0     0     0
2067     0     0     0     0
2069     0     0     0     0
2071     0     0     0     0
2073     0     0     0     0
2075     0     0     0     0
2077     0     0     0     0
2079     0     0     0     0
2081     0     0     0     0
2083     0     0     0     0
2085     0     0     0     0
2087     0     0     0     0
2089     0     0     0     0
2091     0     0     0     0
2093     0     0     0     0
2095     0     0     0     0
2097     0     0     0     0
2099     0     0     0     0
2101     0     0     0     0
2103     0     0     0     0
2105     0     0     0     0
2107     0     0     0     0
2109     0     0     0     0
2111     0     0     0     0
2113     0     0     0     0
2115     0     0     0     0
2117     0     0     0     0
2119     0     0     0     0
2121     0     0     0     0
2123     0     0     0     0
2125     0     0     0     0
2127     0     0     0     0
2129     0     0     0     0
2131     0     0     0     0
2133     0     0     0     0
2135     0     0     0     0
2137     0     0     0     0
2139     0     0     0     0
2141     0     0     0     0
2143     0     0     0     0
2145     0     0     0     0
2147     0     0     0     0
2149     0     0     0     0
2151     0     0     0     0
2153     0     0     0     0
2155     0     0     0     0
2157     0     0     0     0
2159     0     0     0     0
2161     0     0     0     0
2163     0     0     0     0
2165     0     0     0     0
2167     0     0     0     0
2169     0     0     0     0
2171     0     0     0     0
2173     0     0     0     0
2175     0     0     0     0
2177     0     0     0     0
2179     0     0     0     0
2181     0     0     0     0
2183     0     0     0     0
2185     0     0     0     0
2187     0     0     0     0
2189     0     0     0     0
2191     0     0     0     0
2193     0     0     0     0
2195     0     0     0     0
2197     0     0     0     0
2199     0     0     0     0
2201     0     0     0     0
2203     0     0     0     0
2205     0     0     0     0
2207     0     0     0     0
2209     0     0     0     0
2211     0     0     0     0
2213     0     0     0     0
2215     0     0     0     0
2217     0     0     0     0
2219     0     0     0     0
2221     0     0     0     0
2223     0     0     0     0
2225     0     0     0     0
2227     0     0     0     0
2229     0     0     0     0
2231     0     0     0     0
2233     0     0     0     0
2235     0     0     0     0
2237     0     0     0     0
2239     0     0     0     0
2241     0     0     0     0
2243     0     0     0     0
2245     0     0     0     0
2247     0     0     0     0
2249     0     0     0     0
2251     0     0     0     0
2253     0     0     0     0
2255     0     0     0     0
2257     0     0     0     0
2259     0     0     0     0
2261     0     0     0     0
2263     0     0     0     0
2265     0     0     0     0
2267     0     0     0     0
2269     0     0     0     0
2271     0     0     0     0
2273     0     0     0     0
2275     0     0     0     0
2277     0     0     0     0
2279     0     0     0     0
2281     0     0     0     0
2283     0     0     0     0
2285     0     0     0     0
2287     0     0     0     0
2289     0     0     0     0
2291     0     0     0     0
2293     0     0     0     0
2295     0     0     0     0
2297     0     0     0     0
2299     0     0     0     0
2301     0     0     0     0
2303     0     0     0     0
2305     0     0     0     0
2307     0     0     0     0
2309     0     0     0     0
2311     0     0     0     0
2313     0     0     0     0
2315     0     0     0     0
2317     0     0     0     0
2319     0     0     0     0
2321     0     0     0     0
2323     0     0     0     0
2325     0     0     0     0
2327     0     0     0     0
2329     0     0     0     0
2331     0     0     0     0
2333     0     0     0     0
2335     0     0     0     0
2337     0     0     0     0
2339     0     0     0     0
2341     0     0     0     0
2343     0     0     0     0
2345     0     0     0     0
2347     0     0     0     0
2349     0     0     0     0
2351     0     0     0     0
2353     0     0     0     0
2355     0     0     0     0
2357     0     0     0     0
2359     0     0     0     0
2361     0     0     0     0
2363     0     0     0     0
2365     0     0     0     0
2367     0     0     0     0
2369     0     0     0     0
2371     0     0     0     0
2373     0     0     0     0
2375     0     0     0     0
2377     0     0     0     0
2379     0     0     0     0
2381     0     0     0     0
2383     0     0     0     0
2385     0     0     0     0
2387     0     0     0     0
2389     0     0     0     0
2391     0     0     0     0
2393     0     0     0     0
2395     0     0     0     0
2397     0     0     0     0
2399     0     0     0     0
2401     0     0     0     0
2403     0     0     0     0
2405     0     0     0     0
2407     0     0     0     0
2409     0     0     0     0
2411     0     0     0     0
2413     0     0     0     0
2415     0     0     0     0
2417     0     0     0     0
2419     0     0     0     0
2421     0     0     0     0
2423     0     0     0     0
2425     0     0     0     0
2427     0     0     0     0
2429     0     0     0     0
2431     0     0     0     0
2433     0     0     0     0
2435     0     0     0     0
2437     0     0     0     0
2439     0     0     0     0
2441     0     0     0     0
2443     0     0     0     0
2445     0     0     0     0
2447     0     0     0     0
2449     0     0     0     0
2451     0     0     0     0
2453     0     0     0     0
2455     0     0     0     0
2457     0     0     0     0
2459     0     0     0     0
2461     0     0     0     0
2463     0     0     0     0
2465     0     0     0     0
2467     0     0     0     0
2469     0     0     0     0
2471     0     0     0     0
2473     0     0     0     0
2475     0     0     0     0
2477     0     0     0     0
2479     0     0     0     0
2481     0     0     0     0
2483     0     0     0     0
2485     0     0     0     0
2487     0     0     0     0
2489     0     0     0     0
2491     0     0     0     0
2493     0     0     0     0
2495     0     0     0     0
2497     0     0     0     0
2499     0     0     0     0
2501     0     0     0     0
2503     0     0     0     0
2505     0     0     0     0
2507     0     0     0     0
2509     0     0     0     0
2511     0     0     0     0
2513     0     0     0     0
2515     0     0     0     0
2517     0     0     0     0
2519     0     0     0     0
2521     0     0     0     0
2523     0     0     0     0
2525     0     0     0     0
2527     0     0     0     0
2529     0     0     0     0
2531     0     0     0     0
2533     0     0     0     0
2535     0     0     0     0
2537     0     0     0     0
2539     0     0     0     0
2541     0     0     0     0
2543     0     0     0     0
2545     0     0     0     0
2547     0     0     0     0
2549     0     0     0     0
2551     0     0     0     0
2553     0     0     0     0
2555     0     0     0     0
2557     0     0     0     0
2559     0     0     0     0
2561     0     0     0     0
2563     0     0     0     0
2565     0     0     0     0
2567     0     0     0     0
2569     0     0     0     0
2571     0     0     0     0
2573     0     0     0     0
2575     0     0     0     0
2577     0     0     0     0
2579     0     0     0     0
2581     0     0     0     0
2583     0     0     0     0
2585     0     0     0     0
2587     0     0     0     0
2589     0     0     0     0
2591     0     0     0     0
2593     0     0     0     0
2595     0     0     0     0
2597     0     0     0     0
2599     0     0     0     0
2601     0     0     0     0
2603     0     0     0     0
2605     0     0     0     0
2607     0     0     0     0
2609     0     0     0     0
2611     0     0     0     0
2613     0     0     0     0
2615     0     0     0     0
2617     0     0     0     0
2619     0     0     0     0
2621     0     0     0     0
2623     0     0     0     0
2625     0     0     0     0
2627     0     0     0     0
2629     0     0     0     0
2631     0     0     0     0
2633     0     0     0     0
2635     0     0     0     0
2637     0     0     0     0
2639     0     0     0     0
2641     0     0     0     0
2643     0     0     0     0
2645     0     0     0     0
2647     0     0     0     0
2649     0     0     0     0
2651     0     0     0     0
2653     0     0     0     0
2655     0     0     0     0
2657     0     0     0     0
2659     0     0     0     0
2661     0     0     0     0
2663     0     0     0     0
2665     0     0     0     0
2667     0     0     0     0
2669     0     0     0     0
2671     0     0     0     0
2673     0     0     0     0
2675     0     0     0     0
2677     0     0     0     0
2679     0     0     0     0
2681     0     0     0     0
2683     0     0     0     0
2685     0     0     0     0
2687     0     0     0     0
2689     0     0     0     0
2691     0     0     0     0
2693     0     0     0     0
2695     0     0     0     0
2697     0     0     0     0
2699     0     0     0     0
2701     0     0     0     0
2703     0     0     0     0
2705     0     0     0     0
2707     0     0     0     0
2709     0     0     0     0
2711     0     0     0     0
2713     0     0     0     0
2715     0     0     0     0
2717     0     0     0     0
2719     0     0     0     0
2721     0     0     0     0
2723     0     0     0     0
2725     0     0     0     0
2727     0     0     0     0
2729     0     0     0     0
2731     0     0     0     0
2733     0     0     0     0
2735     0     0     0     0
2737     0     0     0     0
2739     0     0     0     0
2741     0     0     0     0
2743     0     0     0     0
2745     0     0     0     0
2747     0     0     0     0
2749     0     0     0     0
2751     0     0     0     0
2753     0     0     0     0
2755     0     0     0     0
2757     0     0     0     0
2759     0     0     0     0
2761     0     0     0     0
2763     0     0     0     0
2765     0     0     0     0
2767     0     0     0     0
2769     0     0     0     0
2771     0     0     0     0
2773     0     0     0     0
2775     0     0     0     0
2777     0     0     0     0
2779     0     0     0     0
2781     0     0     0     0
2783     0     0     0     0
2785     0     0     0     0
2787     0     0     0     0
2789     0     0     0     0
2791     0     0     0     0
2793     0     0     0     0
2795     0     0     0     0
2797     0     0     0     0
2799     0     0     0     0
2801     0     0     0     0
2803     0     0     0     0
2805     0     0     0     0
2807     0     0     0     0
2809     0     0     0     0
2811     0     0     0     0
2813     0     0     0     0
2815     0     0     0     0
2817     0     0     0     0
2819     0     0     0     0
2821     0     0     0     0
2823     0     0     0     0
2825     0     0     0     0
2827     0     0     0     0
2829     0     0     0     0
2831     0     0     0     0
2833     0     0     0     0
2835     0     0     0     0
2837     0     0     0     0
2839     0     0     0     0
2841     0     0     0     0
2843     0     0     0     0
2845     0     0     0     0
2847     0     0     0     0
2849     0     0     0     0
2851     0     0     0     0
2853     0     0     0     0
2855     0     0     0     0
2857     0     0     0     0
2859     0     0     0     0
2861     0     0     0     0
2863     0     0     0     0
2865     0     0     0     0
2867     0     0     0     0
2869     0     0     0     0
2871     0     0     0     0
2873     0     0     0     0
2875     0     0     0     0
2877     0     0     0     0
2879     0     0     0     0
2881     0     0     0     0
2883     0     0     0     0
2885     0     0     0     0
2887     0     0     0     0
2889     0     0     0     0
2891     0     0     0     0
2893     0     0     0     0
2895     0     0     0     0
2897     0     0     0     0
2899     0     0     0     0
2901     0     0     0     0
2903     0     0     0     0
2905     0     0     0     0
2907     0     0     0     0
2909     0     0     0     0
2911     0     0     0     0
2913     0     0     0     0
2915     0     0     0     0
2917     0     0     0     0
2919     0     0     0     0
2921     0     0     0     0
2923     0     0     0     0
2925     0     0     0     0
2927     0     0     0     0
2929     0     0     0     0
2931     0     0     0     0
2933     0     0     0     0
2935     0     0     0     0
2937     0     0     0     0
2939     0     0     0     0
2941     0     0     0     0
2943     0     0     0     0
2945     0     0     0     0
2947     0     0     0     0
2949     0     0     0     0
2951     0     0     0     0
2953     0     0     0     0
2955     0     0     0     0
2957     0     0     0     0
2959     0     0     0     0
2961     0     0     0     0
2963     0     0     0     0
2965     0     0     0     0
2967     0     0     0     0
2969     0     0     0     0
2971     0     0     0     0
2973     0     0     0     0
2975     0     0     0     0
2977     0     0     0     0
2979     0     0     0     0
2981     0     0     0     0
2983     0     0     0     0
2985     0     0     0     0
2987     0     0     0     0
2989     0     0     0     0
2991     0     0     0     0
2993     0     0     0     0
2995     0     0     0     0
2997     0     0     0     0
2999     0     0     0     0
3001     0     0     0     0
3003     0     0     0     0
3005     0     0     0     0
3007     0     0     0     0
3009     0     0     0     0
3011     0     0     0     0
3013     0     0     0     0
3015     0     0     0     0
3017     0     0     0     0
3019     0     0     0     0
3021     0     0     0     0
3023     0     0     0     0
3025     0     0     0     0
3027     0     0     0     0
3029     0     0     0     0
3031     0     0     0     0
3033     0     0     0     0
3035     0     0     0     0
3037     0     0     0     0
3039     0     0     0     0
3041     0     0     0     0
3043     0     0     0     0
3045     0     0     0     0
3047     0     0     0     0
3049     0     0     0     0
3051     0     0     0     0
3053     0     0     0     0
3055     0     0     0     0
3057     0     0     0     0
3059     0     0     0     0
3061     0     0     0     0
3063     0     0     0     0
3065     0     0     0     0
3067     0     0     0     0
3069     0     0     0     0
3071     0     0     0     0
3073     0     0     0     0
3075     0     0     0     0
3077     0     0     0     0
3079     0     0     0     0
3081     0     0     0     0
3083     0     0     0     0
3085     0     0     0     0
3087     0     0     0     0
3089     0     0     0     0
3091     0     0     0     0
3093     0     0     0     0
3095     0     0     0     0
3097     0     0     0     0
3099     0     0     0     0
3101     0     0     0     0
3103     0     0     0     0
3105     0     0     0     0
3107     0     0     0     0
3109     0     0     0     0
3111     0     0     0     0
3113     0     0     0     0
3115     0     0     0     0
3117     0     0     0     0
3119     0     0     0     0
3121     0     0     0     0
3123     0     0     0     0
3125     0     0     0     0
3127     0     0     0     0
3129     0     0     0     0
3131     0     0     0     0
3133     0     0     0     0
3135     0     0     0     0
3137     0     0     0     0
3139     0     0     0     0
3141     0     0     0     0
3143     0     0     0     0
3145     0     0     0     0
3147     0     0     0     0
3149     0     0     0     0
3151     0     0     0     0
3153     0     0     0     0
3155     0     0     0     0
3157     0     0     0     0
3159     0     0     0     0
3161     0     0     0     0
3163     0     0     0     0
3165     0     0     0     0
3167     0     0     0     0
3169     0     0     0     0
3171     0     0     0     0
3173     0     0     0     0
3175     0     0     0     0
3177     0     0     0     0
3179     0     0     0     0
3181     0     0     0     0
3183     0     0     0     0
3185     0     0     0     0
3187     0     0     0     0
3189     0     0     0     0
3191     0     0     0     0
3193     0     0     0     0
3195     0     0     0     0
3197     0     0     0     0
3199     0     0     0     0
3201     0     0     0     0
3203     0     0     0     0
3205     0     0     0     0
3207     0     0     0     0
3209     0     0     0     0
3211     0     0     0     0
3213     0     0     0     0
3215     0     0     0     0
3217     0     0     0     0
3219     0     0     0     0
3221     0     0     0     0
3223     0     0     0     0
3225     0     0     0     0
3227     0     0     0     0
3229     0     0     0     0
3231     0     0     0     0
3233     0     0     0     0
3235     0     0     0     0
3237     0     0     0     0
3239     0     0     0     0
3241     0     0     0     0
3243     0     0     0     0
3245     0     0     0     0
3247     0     0     0     0
3249     0     0     0     0
3251     0     0     0     0
3253     0     0     0     0
3255     0     0     0     0
3257     0     0     0     0
3259     0     0     0     0
3261     0     0     0     0
3263     0     0     0     0
3265     0     0     0     0
3267     0     0     0     0
3269     0     0     0     0
3271     0     0     0     0
3273     0     0     0     0
3275     0     0     0     0
3277     0     0     0     0
3279     0     0     0     0
3281     0     0     0     0
3283     0     0     0     0
3285     0     0     0     0
3287     0     0     0     0
3289     0     0     0     0
3291     0     0     0     0
3293     0     0     0     0
3295     0     0     0     0
3297     0     0     0     0
3299     0     0     0     0
3301     0     0     0     0
3303     0     0     0     0
3305     0     0     0     0
3307     0     0     0     0
3309     0     0     0     0
3311     0     0     0     0
3313     0     0     0     0
3315     0     0     0     0
3317     0     0     0     0
3319     0     0     0     0
3321     0     0     0     0
3323     0     0     0     0
3325     0     0     0     0
3327     0     0     0     0
3329     0     0     0     0
3331     0     0     0     0
3333     0     0     0     0
3335     0     0     0     0
3337     0     0     0     0
3339     0     0     0     0
3341     0     0     0     0
3343     0     0     0     0
3345     0     0     0     0
3347     0     0     0     0
3349     0     0     0     0
3351     0     0     0     0
3353     0     0     0     0
3355     0     0     0     0
3357     0     0     0     0
3359     0     0     0     0
3361     0     0     0     0
3363     0     0     0     0
3365     0     0     0     0
3367     0     0     0     0
3369     0     0     0     0
3371     0     0     0     0
3373     0     0     0     0
3375     0     0     0     0
3377     0     0     0     0
3379     0     0     0     0
3381     0     0     0     0
3383     0     0     0     0
3385     0     0     0     0
3387     0     0     0     0
3389     0     0     0     0
3391     0     0     0     0
3393     0     0     0     0
3395     0     0     0     0
3397     0     0     0     0
3399     0     0     0     0
3401     0     0     0     0
3403     0     0     0     0
3405     0     0     0     0
3407     0     0     0     0
3409     0     0     0     0
3411     0     0     0     0
3413     0     0     0     0
3415     0     0     0     0
3417     0     0     0     0
3419     0     0     0     0
3421     0     0     0     0
3423     0     0     0     0
3425     0     0     0     0
3427     0     0     0     0
3429     0     0     0     0
3431     0     0     0     0
3433     0     0     0     0
3435     0     0     0     0
3437     0     0     0     0
3439     0     0     0     0
3441     0     0     0     0
3443     0     0     0     0
3445     0     0     0     0
3447     0     0     0     0
3449     0     0     0     0
3451     0     0     0     0
3453     0     0     0     0
3455     0     0     0     0
3457     0     0     0     0
3459     0     0     0     0
3461     0     0     0     0
3463     0     0     0     0
3465     0     0     0     0
3467     0     0     0     0
3469     0     0     0     0
3471     0     0     0     0
3473     0     0     0     0
3475     0     0     0     0
3477     0     0     0     0
3479     0     0     0     0
3481     0     0     0     0
3483     0     0     0     0
3485     0     0     0     0
3487     0     0     0     0
3489     0     0     0     0
3491     0     0     0     0
3493     0     0     0     0
3495     0     0     0     0
3497     0     0     0     0
3499     0     0     0     0
3501     0     0     0     0
3503     0     0     0     0
3505     0     0     0     0
3507     0     0     0     0
3509     0     0     0     0
3511     0     0     0     0
3513     0     0     0     0
3515     0     0     0     0
3517     0     0     0     0
3519     0     0     0     0
3521     0     0     0     0
3523     0     0     0     0
3525     0     0     0     0
3527     0     0     0     0
3529     0     0     0     0
3531     0     0     0     0
3533     0     0     0     0
3535     0     0     0     0
3537     0     0     0     0
3539     0     0     0     0
3541     0     0     0     0
3543     0     0     0     0
3545     0     0     0     0
3547     0     0     0     0
3549     0     0     0     0
3551     0     0     0     0
3553     0     0     0     0
3555     0     0     0     0
3557     0     0     0     0
3559     0     0     0     0
3561     0     0     0     0
3563     0     0     0     0
3565     0     0     0     0
3567     0     0     0     0
3569     0     0     0     0
3571     0     0     0     0
3573     0     0     0     0
3575     0     0     0     0
3577     0     0     0     0
3579     0     0     0     0
3581     0     0     0     0
3583     0     0     0     0
3585     0     0     0     0
3587     0     0     0     0
3589     0     0     0     0
3591     0     0     0     0
3593     0     0     0     0
3595     0     0     0     0
3597     0     0     0     0
3599     0     0     0     0
3601     0     0     0     0
3603     0     0     0     0
3605     0     0     0     0
3607     0     0     0     0
3609     0     0     0     0
3611     0     0     0     0
3613     0     0     0     0
3615     0     0     0     0
3617     0     0     0     0
3619     0     0     0     0
3621     0     0     0     0
3623     0     0     0     0
3625     0     0     0     0
3627     0     0     0     0
3629     0     0     0     0
3631     0     0     0     0
3633     0     0     0     0
3635     0     0     0     0
3637     0     0     0     0
3639     0     0     0     0
3641     0     0     0     0
3643     0     0     0     0
3645     0     0     0     0
3647     0     0     0     0
3649     0     0     0     0
3651     0     0     0     0
3653     0     0     0     0
3655     0     0     0     0
3657     0     0     0     0
3659     0     0     0     0
3661     0     0     0     0
3663     0     0     0     0
3665     0     0     0     0
3667     0     0     0     0
3669     0     0     0     0
3671     0     0     0     0
3673     0     0     0     0
3675     0     0     0     0
3677     0     0     0     0
3679     0     0     0     0
3681     0     0     0     0
3683     0     0     0     0
3685     0     0     0     0
3687     0     0     0     0
3689     0     0     0     0
3691     0     0     0     0
3693     0     0     0     0
3695     0     0     0     0
3697     0     0     0     0
3699     0     0     0     0
3701     0     0     0     0
3703     0     0     0     0
3705     0     0     0     0
3707     0     0     0     0
3709     0     0     0     0
3711     0     0     0     0
3713     0     0     0     0
3715     0     0     0     0
3717     0     0     0     0
3719     0     0     0     0
3721     0     0     0     0
3723     0     0     0     0
3725     0     0     0     0
3727     0     0     0     0
3729     0     0     0     0
3731     0     0     0     0
3733     0     0     0     0
3735     0     0     0     0
3737     0     0     0     0
3739     0     0     0     0
3741     0     0     0     0
3743     0     0     0     0
3745     0     0     0     0
3747     0     0     0     0
3749     0     0     0     0
3751     0     0     0     0
3753     0     0     0     0
3755     0     0     0     0
3757     0     0     0     0
3759     0     0     0     0
3761     0     0     0     0
3763     0     0     0     0
3765     0     0     0     0
3767     0     0     0     0
3769     0     0     0     0
3771     0     0     0     0
3773     0     0     0     0
3775     0     0     0     0
3777     0     0     0     0
3779     0     0     0     0
3781     0     0     0     0
3783     0     0     0     0
3785     0     0     0     0
3787     0     0     0     0
3789     0     0     0     0
3791     0     0     0     0
3793     0     0     0     0
3795     0     0     0     0
3797     0     0     0     0
3799     0     0     0     0
3801     0     0     0     0
3803     0     0     0     0
3805     0     0     0     0
3807     0     0     0     0
3809     0     0     0     0
3811     0     0     0     0
3813     0     0     0     0
3815     0     0     0     0
3817     0     0     0     0
3819     0     0     0     0
3821     0     0     0     0
3823     0     0     0     0
3825     0     0     0     0
3827     0     0     0     0
3829     0     0     0     0
3831     0     0     0     0
3833     0     0     0     0
3835     0     0     0     0
3837     0     0     0     0
3839     0     0     0     0
3841     0     0     0     0
3843     0     0     0     0
3845     0     0     0     0
3847     0     0     0     0
3849     0     0     0     0
3851     0     0     0     0
3853     0     0     0     0
3855     0     0     0     0
3857     0     0     0     0
3859     0     0     0     0
3861     0     0     0     0
3863     0     0     0     0
3865     0     0     0     0
3867     0     0     0     0
3869     0     0     0     0
3871     0     0     0     0
3873     0     0     0     0
3875     0     0     0     0
3877     0     0     0     0
3879     0     0     0     0
3881     0     0     0     0
3883     0     0     0     0
3885     0     0     0     0
3887     0     0     0     0
3889     0     0     0     0
3891     0     0     0     0
3893     0     0     0     0
3895     0     0     0     0
3897     0     0     0     0
3899     0     0     0     0
3901     0     0     0     0
3903     0     0     0     0
3905     0     0     0     0
3907     0     0     0     0
3909     0     0     0     0
3911     0     0     0     0
3913     0     0     0     0
3915     0     0     0     0
3917     0     0     0     0
3919     0     0     0     0
3921     0     0     0     0
3923     0     0     0     0
3925     0     0     0     0
3927     0     0     0     0
3929     0     0     0     0
3931     0     0     0     0
3933     0     0     0     0
3935     0     0     0     0
3937     0     0     0     0
3939     0     0     0     0
3941     0     0     0     0
3943     0     0     0     0
3945     0     0     0     0
3947     0     0     0     0
3949     0     0     0     0
3951     0     0     0     0
3953     0     0     0     0
3955     0     0     0     0
3957     0     0     0     0
3959     0     0     0     0
3961     0     0     0     0
3963     0     0     0     0
3965     0     0     0     0
3967     0     0     0     0
3969     0     0     0     0
3971     0     0     0     0
3973     0     0     0     0
3975     0     0     0     0
3977     0     0     0     0
3979     0     0     0     0
3981     0     0     0     0
3983     0     0     0     0
3985     0     0     0     0
3987     0     0     0     0
3989     0     0     0     0
3991     0     0     0     0
3993     0     0     0     0
3995     0     0     0     0
3997     0     0     0     0
3999     0     0     0     0
4001     0     0     0     0
4003     0     0     0     0
4005     0     0     0     0
4007     0     0     0     0
4009     0     0     0     0
4011     0     0     0     0
4013     0     0     0     0
4015     0     0     0     0
4017     0     0     0     0
4019     0     0     0     0
4021     0     0     0     0
4023     0     0     0     0
4025     0     0     0     0
4027     0     0     0     0
4029     0     0     0     0
4031     0     0     0     0
4033     0     0     0     0
4035     0     0     0     0
4037     0     0     0     0
4039     0     0     0     0
4041     0     0     0     0
4043     0     0     0     0
4045     0     0     0     0
4047     0     0     0     0
4049     0     0     0     0
4051     0     0     0     0
4053     0     0     0     0
4055     0     0     0     0
4057     0     0     0     0
4059     0     0     0     0
4061     0     0     0     0
4063     0     0     0     0
4065     0     0     0     0
4067     0     0     0     0
4069     0     0     0     0
4071     0     0     0     0
4073     0     0     0     0
4075     0     0     0     0
4077     0     0     0     0
4079     0     0     0     0
4081     0     0     0     0
4083     0     0     0     0
4085     0     0     0     0
4087     0     0     0     0
4089     0     0     0     0
4091     0     0     0     0
4093     0     0     0     0
4095     0     0     0     0
4097     0     0     0     0
4099     0     0     0     0
4101     0     0     0     0
4103     0     0     0     0
4105     0     0     0     0
4107     0     0     0     0
4109     0     0     0     0
4111     0     0     0     0
4113     0     0     0     0
4115     0     0     0     0
4117     0     0     0     0
4119     0     0     0     0
4121     0     0     0     0
4123     0     0     0     0
4125     0     0     0     0
4127     0     0     0     0
4129     0     0     0     0
4131     0     0     0     0
4133     0     0     0     0
4135     0     0     0     0
4137     0     0     0     0
4139     0     0     0     0
4141     0     0     0     0
4143     0     0     0     0
4145     0     0     0     0
4147     0     0     0     0
4149     0     0     0     0
4151     0     0     0     0
4153     0     0     0     0
4155     0     0     0     0
4157     0     0     0     0
4159     0     0     0     0
4161     0     0     0     0
4163     0     0     0     0
4165     0     0     0     0
4167     0     0     0     0
4169     0     0     0     0
4171     0     0     0     0
4173     0     0     0     0
4175     0     0     0     0
4177     0     0     0     0
4179     0     0     0     0
4181     0     0     0     0
4183     0     0     0     0
4185     0     0     0     0
4187     0     0     0     0
4189     0     0     0     0
4191     0     0     0     0
4193     0     0     0     0
4195     0     0     0     0
4197     0     0     0     0
4199     0     0     0     0
4201     0     0     0     0
4203     0     0     0     0
4205     0     0     0     0
4207     0     0     0     0
4209     0     0     0     0
4211     0     0     0     0
4213     0     0     0     0
4215     0     0     0     0
4217     0     0     0     0
4219     0     0     0     0
4221     0     0     0     0
4223     0     0     0     0
4225     0     0     0     0
4227     0     0     0     0
4229     0     0     0     0
4231     0     0     0     0
4233     0     0     0     0
4235     0     0     0     0
4237     0     0     0     0
4239     0     0     0     0
4241     0     0     0     0
4243     0     0     0     0
4245     0     0     0     0
4247     0     0     0     0
4249     0     0     0     0
4251     0     0     0     0
4253     0     0     0     0
4255     0     0     0     0
4257     0     0     0     0
4259     0     0     0     0
4261     0     0     0     0
4263     0     0     0     0
4265     0     0     0     0
4267     0     0     0     0
4269     0     0     0     0
4271     0     0     0     0
4273     0     0     0     0
4275     0     0     0     0
4277     0     0     0     0
4279     0     0     0     0
4281     0     0     0     0
4283     0     0     0     0
4285     0     0     0     0
4287     0     0     0     0
4289     0     0     0     0
4291     0     0     0     0
4293     0     0     0     0
4295     0     0     0     0
4297     0     0     0     0
4299     0     0     0     0
4301     0     0     0     0
4303     0     0     0     0
4305     0     0     0     0
4307     0     0     0     0
4309     0     0     0     0
4311     0     0     0     0
4313     0     0     0     0
4315     0     0     0     0
4317     0     0     0     0
4319     0     0     0     0
4321     0     0     0     0
4323     0     0     0     0
4325     0     0     0     0
4327     0     0     0     0
4329     0     0     0     0
4331     0     0     0     0
4333     0     0     0     0
4335     0     0     0     0
4337     0     0     0     0
4339     0     0     0     0
4341     0     0     0     0
4343     0     0     0     0
4345     0     0     0     0
4347     0     0     0     0
4349     0     0     0     0
4351     0     0     0     0
4353     0     0     0     0
4355     0     0     0     0
4357     0     0     0     0
4359     0     0     0     0
4361     0     0     0     0
4363     0     0     0     0
4365     0     0     0     0
4367     0     0     0     0
4369     0     0     0     0
4371     0     0     0     0
4373     0     0     0     0
4375     0     0     0     0
4377     0     0     0     0
4379     0     0     0     0
4381     0     0     0     0
4383     0     0     0     0
4385     0     0     0     0
4387     0     0     0     0
4389     0     0     0     0
4391     0     0     0     0
4393     0     0     0     0
4395     0     0     0     0
4397     0     0     0     0
4399     0     0     0     0
4401     0     0     0     0
4403     0     0     0     0
4405     0     0     0     0
4407     0     0     0     0
4409     0     0     0     0
4411     0     0     0     0
4413     0     0     0     0
4415     0     0     0     0
4417     0     0     0     0
4419     0     0     0     0
4421     0     0     0     0
4423     0     0     0     0
4425     0     0     0     0
4427     0     0     0     0
4429     0     0     0     0
4431     0     0     0     0
4433     0     0     0     0
4435     0     0     0     0
4437     0     0     0     0
4439     0     0     0     0
4441     0     0     0     0
4443     0     0     0     0
4445     0     0     0     0
4447     0     0     0     0
4449     0     0     0     0
4451     0     0     0     0
4453     0     0     0     0
4455     0     0     0     0
4457     0     0     0     0
4459     0     0     0     0
4461     0     0     0     0
4463     0     0     0     0
4465     0     0     0     0
4467     0     0     0     0
4469     0     0     0     0
4471     0     0     0     0
4473     0     0     0     0
4475     0     0     0     0
4477     0     0     0     0
4479     0     0     0     0
4481     0     0     0     0
4483     0     0     0     0
4485     0     0     0     0
4487     0     0     0     0
4489     0     0     0     0
4491     0     0     0     0
4493     0     0     0     0
4495     0     0     0     0
4497     0     0     0     0
4499     0     0     0     0
4501     0     0     0     0
4503     0     0     0     0
4505     0     0     0     0
4507     0     0     0     0
4509     0     0     0     0
4511     0     0     0     0
4513     0     0     0     0
4515     0     0     0     0
4517     0     0     0     0
4519     0     0     0     0
4521     0     0     0     0
4523     0     0     0     0
4525     0     0     0     0
4527     0     0     0     0
4529     0     0     0     0
4531     0     0     0     0
4533     0     0     0     0
4535     0     0     0     0
4537     0     0     0     0
4539     0     0     0     0
4541     0     0     0     0
4543     0     0     0     0
4545     0     0     0     0
4547     0     0     0     0
4549     0     0     0     0
4551     0     0     0     0
4553     0     0     0     0
4555     0     0     0     0
4557     0     0     0     0
4559     0     0     0     0
4561     0     0     0     0
4563     0     0     0     0
4565     0     0     0     0
4567     0     0     0     0
4569     0     0     0     0
4571     0     0     0     0
4573     0     0     0     0
4575     0     0     0     0
4577     0     0     0     0
4579     0     0     0     0
4581     0     0     0     0
4583     0     0     0     0
4585     0     0     0     0
4587     0     0     0     0
4589     0     0     0     0
4591     0     0     0     0
4593     0     0     0     0
4595     0     0     0     0
4597     0     0     0     0
4599     0     0     0     0
4601     0     0     0     0
4603     0     0     0     0
4605     0     0     0     0
4607     0     0     0     0
4609     0     0     0     0
4611     0     0     0     0
4613     0     0     0     0
4615     0     0     0     0
4617     0     0     0     0
4619     0     0     0     0
4621     0     0     0     0
4623     0     0     0     0
4625     0     0     0     0
4627     0     0     0     0
4629     0     0     0     0
4631     0     0     0     0
4633     0     0     0     0
4635     0     0     0     0
4637     0     0     0     0
4639     0     0     0     0
4641     0     0     0     0
4643     0     0     0     0
4645     0     0     0     0
4647     0     0     0     0
4649     0     0     0     0
4651     0     0     0     0
4653     0     0     0     0
4655     0     0     0     0
4657     0     0     0     0
4659     0     0     0     0
4661     0     0     0     0
4663     0     0     0     0
4665     0     0     0     0
4667     0     0     0     0
4669     0     0     0     0
4671     0     0     0     0
4673     0     0     0     0
4675     0     0     0     0
4677     0     0     0     0
4679     0     0     0     0
4681     0     0     0     0
4683     0     0     0     0
4685     0     0     0     0
4687     0     0     0     0
4689     0     0     0     0
4691     0     0     0     0
4693     0     0     0     0
4695     0     0     0     0
4697     0     0     0     0
4699     0     0     0     0
4701     0     0     0     0
4703     0     0     0     0
4705     0     0     0     0
4707     0     0     0     0
4709     0     0     0     0
4711     0     0     0     0
4713     0     0     0     0
4715     0     0     0     0
4717     0     0     0     0
4719     0     0     0     0
4721     0     0     0     0
4723     0     0     0     0
4725     0     0     0     0
4727     0     0     0     0
4729     0     0     0     0
4731     0     0     0     0
4733     0     0     0     0
4735     0     0     0     0
4737     0     0     0     0
4739     0     0     0     0
4741     0     0     0     0
4743     0     0     0     0
4745     0     0     0     0
4747     0     0     0     0
4749     0     0     0     0
4751     0     0     0     0
4753     0     0     0     0
4755     0     0     0     0
4757     0     0     0     0
4759     0     0     0     0
4761     0     0     0     0
4763     0     0     0     0
4765     0     0     0     0
4767     0     0     0     0
4769     0     0     0     0
4771     0     0     0     0
4773     0     0     0     0
4775     0     0     0     0
4777     0     0     0     0
4779     0     0     0     0
4781     0     0     0     0
4783     0     0     0     0
4785     0     0     0     0
4787     0     0     0     0
4789     0     0     0     0
4791     0     0     0     0
4793     0     0     0     0
4795     0     0     0     0
4797     0     0     0     0
4799     0     0     0     0
4801     0     0     0     0
4803     0     0     0     0
4805     0     0     0     0
4807     0     0     0     0
4809     0     0     0     0
4811     0     0     0     0
4813     0     0     0     0
4815     0     0     0     0
4817     0     0     0     0
4819     0     0     0     0
4821     0     0     0     0
4823     0     0     0     0
4825     0     0     0     0
4827     0     0     0     0
4829     0     0     0     0
4831     0     0     0     0
4833     0     0     0     0
4835     0     0     0     0
4837     0     0     0     0
4839     0     0     0     0
4841     0     0     0     0
4843     0     0     0     0
4845     0     0     0     0
4847     0     0     0     0
4849     0     0     0     0
4851     0     0     0     0
4853     0     0     0     0
4855     0     0     0     0
4857     0     0     0     0
4859     0     0     0     0
4861     0     0     0     0
4863     0     0     0     0
4865     0     0     0     0
4867     0     0     0     0
4869     0     0     0     0
4871     0     0     0     0
4873     0     0     0     0
4875     0     0     0     0
4877     0     0     0     0
4879     0     0     0     0
4881     0     0     0     0
4883     0     0     0     0
4885     0     0     0     0
4887     0     0     0     0
4889     0     0     0     0
4891     0     0     0     0
4893     0     0     0     0
4895     0     0     0     0
4897     0     0     0     0
4899     0     0     0     0
4901     0     0     0     0
4903     0     0     0     0
4905     0     0     0     0
4907     0     0     0     0
4909     0     0     0     0
4911     0     0     0     0
4913     0     0     0     0
4915     0     0     0     0
4917     0     0     0     0
4919     0     0     0     0
4921     0     0     0     0
4923     0     0     0     0
4925     0     0     0     0
4927     0     0     0     0
4929     0     0     0     0
4931     0     0     0     0
4933     0     0     0     0
4935     0     0     0     0
4937     0     0     0     0
4939     0     0     0     0
4941     0     0     0     0
4943     0     0     0     0
4945     0     0     0     0
4947     0     0     0     0
4949     0     0     0     0
4951     0     0     0     0
4953     0     0     0     0
4955     0     0     0     0
4957     0     0     0     0
4959     0     0     0     0
4961     0     0     0     0
4963     0     0     0     0
4965     0     0     0     0
4967     0     0     0     0
4969     0     0     0     0
4971     0     0     0     0
4973     0     0     0     0
4975     0     0     0     0
4977     0     0     0     0
4979     0     0     0     0
4981     0     0     0     0
4983     0     0     0     0
4985     0     0     0     0
4987     0     0     0     0
4989     0     0     0     0
4991     0     0     0     0
4993     0     0     0     0
4995     0     0     0     0
4997     0     0     0     0
4999     0     0     0     0
