1     0     0     0     0
3     0     0     0     0
5     0     0     0     0
7     0     0     0     0
9     0     0     0     0
11     0     0     0     0
13     5.91574e-05     8.96505e-11     8.96434e-11     8.96505e-11
15     5.91574e-05     1.00957e-10     1.00949e-10     1.00957e-10
17     3.94383e-05     7.4478e-11     7.44721e-11     7.4478e-11
19     0.000138034     2.78828e-10     2.78806e-10     2.78828e-10
21     5.91574e-05     1.29801e-10     1.29791e-10     1.29801e-10
23     5.91574e-05     1.39429e-10     1.39418e-10     1.39429e-10
25     0.000118315     2.94957e-10     2.94933e-10     2.94957e-10
27     0.000157753     4.12345e-10     4.12312e-10     4.12345e-10
29     9.85956e-05     2.69738e-10     2.69717e-10     2.69738e-10
31     0.000177472     5.07354e-10     5.07313e-10     5.07354e-10
33     0.000157753     4.7299e-10     4.72952e-10     4.7299e-10
35     0.000177472     5.4712e-10     5.47076e-10     5.4712e-10
37     0.000256349     8.18927e-10     8.18862e-10     8.18927e-10
39     0.000177472     5.88771e-10     5.88724e-10     5.88771e-10
41     5.91574e-05     2.01985e-10     2.01969e-10     2.01985e-10
43     0.000177472     6.25309e-10     6.2526e-10     6.25309e-10
45     0.000157753     5.7383e-10     5.73784e-10     5.7383e-10
47     0.00021691     8.08366e-10     8.08302e-10     8.08366e-10
49     0.000295787     1.1354e-09     1.13531e-09     1.1354e-09
51     0.00045354     1.79049e-09     1.79035e-09     1.79049e-09
53     0.000414102     1.68192e-09     1.68179e-09     1.68192e-09
55     0.000414102     1.72542e-09     1.72528e-09     1.72542e-09
57     0.000315506     1.35583e-09     1.35572e-09     1.35583e-09
59     0.000650731     2.87506e-09     2.87483e-09     2.87506e-09
61     0.000492978     2.24525e-09     2.24508e-09     2.24525e-09
63     0.000552136     2.59994e-09     2.59973e-09     2.59994e-09
65     0.000335225     1.63018e-09     1.63005e-09     1.63018e-09
67     0.000354944     1.77179e-09     1.77165e-09     1.77179e-09
69     0.000394383     2.04094e-09     2.04078e-09     2.04094e-09
71     0.000354944     1.90362e-09     1.90347e-09     1.90362e-09
73     0.000492978     2.74484e-09     2.74463e-09     2.74484e-09
75     0.000433821     2.49169e-09     2.49149e-09     2.49169e-09
77     0.000374663     2.2323e-09     2.23212e-09     2.2323e-09
79     0.00067045     4.15361e-09     4.15328e-09     4.15361e-09
81     0.000354944     2.28287e-09     2.28269e-09     2.28287e-09
83     0.000611293     4.08394e-09     4.08361e-09     4.08394e-09
85     0.000512697     3.58287e-09     3.58259e-09     3.58287e-09
87     0.000571855     4.1458e-09     4.14547e-09     4.1458e-09
89     0.000650731     4.91062e-09     4.91023e-09     4.91062e-09
91     0.000631012     4.98012e-09     4.97973e-09     4.98012e-09
93     0.000650731     5.362e-09     5.36158e-09     5.362e-09
95     0.000788765     6.76894e-09     6.7684e-09     6.76893e-09
97     0.000512697     4.61898e-09     4.61861e-09     4.61897e-09
99     0.000709889     6.65333e-09     6.6528e-09     6.65332e-09
101     0.000867642     8.53207e-09     8.53139e-09     8.53206e-09
103     0.000571855     5.87839e-09     5.87792e-09     5.87839e-09
105     0.000552136     5.92323e-09     5.92276e-09     5.92323e-09
107     0.000729608     8.19585e-09     8.19519e-09     8.19584e-09
109     0.000749327     8.83753e-09     8.83683e-09     8.83753e-09
111     0.000729608     9.06304e-09     9.06232e-09     9.06304e-09
113     0.000611293     7.99863e-09     7.99799e-09     7.99863e-09
115     0.000946518     1.31508e-08     1.31498e-08     1.31508e-08
117     0.000591574     8.71379e-09     8.71309e-09     8.71378e-09
119     0.000926799     1.4528e-08     1.45268e-08     1.4528e-08
121     0.00100568     1.6997e-08     1.69957e-08     1.6997e-08
123     0.00106483     1.92988e-08     1.92973e-08     1.92988e-08
125     0.000887361     1.74806e-08     1.74792e-08     1.74805e-08
127     0.00116343     2.4782e-08     2.47801e-08     2.4782e-08
129     0.000946518     2.2392e-08     2.23903e-08     2.2392e-08
131     0.00114371     2.97482e-08     2.97458e-08     2.97482e-08
133     0.000769046     2.23469e-08     2.23451e-08     2.23469e-08
135     0.00110427     3.59862e-08     3.59833e-08     3.59862e-08
137     0.00106483     3.86398e-08     3.86368e-08     3.86398e-08
139     0.00128174     5.2811e-08     5.28068e-08     5.28109e-08
141     0.000985956     4.71694e-08     4.71657e-08     4.71694e-08
143     0.000690169     3.82094e-08     3.82063e-08     3.82093e-08
145     0.00140006     9.01099e-08     9.01028e-08     9.01099e-08
147     0.00124231     9.4553e-08     9.45454e-08     9.45529e-08
149     0.00126202     1.15582e-07     1.15573e-07     1.15582e-07
151     0.00128174     1.45064e-07     1.45052e-07     1.45064e-07
153     0.00112399     1.62211e-07     1.62199e-07     1.62211e-07
155     0.00140006     2.56394e-07     2.56374e-07     2.56394e-07
157     0.00128174     3.16518e-07     3.16493e-07     3.16518e-07
159     0.00141978     5.62919e-07     5.62874e-07     5.62918e-07
161     0.00126202     8.78686e-07     8.78616e-07     8.78685e-07
163     0.0018536     2.08855e-06     2.08838e-06     2.08855e-06
165     0.00106483     1.70579e-06     1.70565e-06     1.70579e-06
167     0.00149865     2.97342e-06     2.97318e-06     2.97342e-06
169     0.00149865     3.51415e-06     3.51387e-06     3.51415e-06
171     0.00140006     3.77854e-06     3.77824e-06     3.77854e-06
173     0.00153809     4.72214e-06     4.72177e-06     4.72214e-06
175     0.00140006     4.83102e-06     4.83063e-06     4.83102e-06
177     0.00177472     6.70852e-06     6.70798e-06     6.70852e-06
179     0.00179444     7.43142e-06     7.43083e-06     7.43142e-06
181     0.00167613     7.90471e-06     7.90408e-06     7.90471e-06
183     0.0014395     7.69892e-06     7.69831e-06     7.69892e-06
185     0.00163669     9.85374e-06     9.85296e-06     9.85374e-06
187     0.00209023     1.39903e-05     1.39891e-05     1.39903e-05
189     0.00209023     1.53729e-05     1.53717e-05     1.53729e-05
191     0.00167613     1.35013e-05     1.35002e-05     1.35013e-05
193     0.00199163     1.74211e-05     1.74197e-05     1.74211e-05
195     0.00191276     1.80851e-05     1.80837e-05     1.80851e-05
197     0.00199163     2.01234e-05     2.01218e-05     2.01234e-05
199     0.00205079     2.21789e-05     2.21771e-05     2.21788e-05
201     0.00169584     1.94669e-05     1.94653e-05     1.94669e-05
203     0.0021691     2.66794e-05     2.66773e-05     2.66794e-05
205     0.00220854     2.88499e-05     2.88476e-05     2.88499e-05
207     0.00195219     2.71601e-05     2.71579e-05     2.71601e-05
209     0.00224798     3.31329e-05     3.31303e-05     3.31329e-05
211     0.00232686     3.6245e-05     3.62422e-05     3.6245e-05
213     0.00203107     3.35456e-05     3.3543e-05     3.35456e-05
215     0.00222826     3.87817e-05     3.87786e-05     3.87817e-05
217     0.00262264     4.81972e-05     4.81934e-05     4.81972e-05
219     0.00270152     5.2264e-05     5.22598e-05     5.22639e-05
221     0.00218882     4.45148e-05     4.45113e-05     4.45148e-05
223     0.00228742     4.89105e-05     4.89066e-05     4.89105e-05
225     0.00232686     5.22991e-05     5.22949e-05     5.22991e-05
227     0.0023663     5.57816e-05     5.57771e-05     5.57815e-05
229     0.00244517     6.04586e-05     6.04538e-05     6.04586e-05
231     0.00281984     7.32003e-05     7.31945e-05     7.32003e-05
233     0.00280012     7.62814e-05     7.62753e-05     7.62814e-05
235     0.00264236     7.53344e-05     7.53284e-05     7.53344e-05
237     0.00293815     8.7658e-05     8.76511e-05     8.7658e-05
239     0.0026818     8.35434e-05     8.35368e-05     8.35434e-05
241     0.00305646     9.94959e-05     9.9488e-05     9.94958e-05
243     0.00341141     0.000116174     0.000116165     0.000116174
245     0.0030959     0.000109939     0.00010993     0.000109939
247     0.00280012     0.000103735     0.000103726     0.000103735
249     0.00274096     0.000105789     0.000105781     0.000105789
251     0.00327338     0.000132028     0.000132018     0.000132028
253     0.00293815     0.000123319     0.000123309     0.000123319
255     0.00313534     0.000137126     0.000137116     0.000137126
257     0.00313534     0.000142932     0.00014292     0.000142932
259     0.00352972     0.000167508     0.000167494     0.000167507
261     0.00380579     0.000187736     0.000187721     0.000187736
263     0.00354944     0.000181757     0.000181742     0.000181757
265     0.00364804     0.000194544     0.000194529     0.000194544
267     0.00347057     0.000192363     0.000192348     0.000192363
269     0.00394383     0.000226799     0.000226781     0.000226799
271     0.00362832     0.000216515     0.000216497     0.000216515
273     0.00398326     0.000246824     0.000246805     0.000246824
275     0.00382551     0.000246281     0.000246262     0.000246281
277     0.00396354     0.000264406     0.000264385     0.000264406
279     0.00392411     0.000271635     0.000271613     0.000271635
281     0.00427905     0.000307199     0.000307175     0.000307199
283     0.00433821     0.000322244     0.000322219     0.000322244
285     0.00416074     0.000320453     0.000320428     0.000320453
287     0.00455512     0.0003628     0.000362771     0.0003628
289     0.00461428     0.000380644     0.000380614     0.000380644
291     0.00441708     0.000377205     0.000377175     0.000377204
293     0.00518613     0.000457568     0.000457532     0.000457568
295     0.00487062     0.000444531     0.000444496     0.000444531
297     0.00473259     0.000446666     0.000446631     0.000446666
299     0.00512697     0.00049932     0.000499281     0.00049932
301     0.00524529     0.000528158     0.000528116     0.000528158
303     0.00544248     0.00056643     0.000566385     0.00056643
305     0.00538332     0.000578655     0.000578609     0.000578655
307     0.00611293     0.000678216     0.000678162     0.000678216
309     0.00605377     0.000693272     0.000693217     0.000693272
311     0.0053636     0.000633513     0.000633463     0.000633513
313     0.00502838     0.000612986     0.000612937     0.000612986
315     0.00613265     0.000770964     0.000770903     0.000770964
317     0.00603405     0.000782485     0.000782423     0.000782485
319     0.00707917     0.000946102     0.000946027     0.000946102
321     0.00698057     0.000961728     0.000961652     0.000961728
323     0.00769046     0.00109146     0.00109137     0.00109146
325     0.00707917     0.00103338     0.00103329     0.00103338
327     0.00692141     0.00104141     0.00104132     0.00104141
329     0.00842007     0.00130212     0.00130202     0.00130212
331     0.00798625     0.00127135     0.00127125     0.00127135
333     0.00802568     0.00131464     0.00131453     0.00131464
335     0.00794681     0.00133922     0.00133911     0.00133922
337     0.00816372     0.00141399     0.00141388     0.00141399
339     0.00820316     0.00146128     0.00146117     0.00146128
341     0.00918911     0.00168474     0.0016846     0.00168473
343     0.00962293     0.00181522     0.00181507     0.00181521
345     0.0094849     0.0018418     0.00184165     0.0018418
347     0.009899     0.00198029     0.00198013     0.00198029
349     0.00991872     0.00204937     0.00204921     0.00204937
351     0.0115357     0.00246483     0.00246464     0.00246483
353     0.0107666     0.00238205     0.00238186     0.00238205
355     0.0112991     0.0025905     0.00259029     0.0025905
357     0.0117132     0.00278663     0.00278641     0.00278663
359     0.0112596     0.00277271     0.00277253     0.00277268
361     0.0134484     0.00343306     0.00343285     0.003433
363     0.0140795     0.00371763     0.00371741     0.00371755
365     0.0141978     0.00387902     0.0038788     0.00387893
367     0.0149077     0.0042112     0.00421096     0.00421109
369     0.0144147     0.00421095     0.00421073     0.00421084
371     0.0149471     0.00451405     0.00451382     0.00451392
373     0.0168204     0.00525555     0.0052553     0.00525539
375     0.0166232     0.00537027     0.00537003     0.00537009
377     0.0181613     0.00606683     0.00606658     0.0060666
379     0.0194825     0.00671957     0.00671931     0.00671929
381     0.0204093     0.007278     0.00727774     0.00727766
383     0.0222235     0.00817799     0.00817774     0.00817757
385     0.0220065     0.00835648     0.00835627     0.00835602
387     0.0230517     0.0090279     0.00902772     0.00902734
389     0.0239587     0.009676     0.00967588     0.00967534
391     0.0262659     0.0109326     0.0109325     0.0109318
393     0.028435     0.0121917     0.0121917     0.0121907
395     0.0301703     0.0133302     0.0133303     0.0133289
397     0.0307816     0.01401     0.0140103     0.0140086
399     0.0329112     0.0154319     0.0154325     0.0154301
401     0.0352775     0.0170425     0.0170434     0.0170403
403     0.036717     0.0182784     0.0182796     0.0182757
405     0.0421989     0.0216433     0.0216452     0.0216397
407     0.0438356     0.0231671     0.0231697     0.0231627
409     0.0466555     0.0254292     0.0254327     0.0254236
411     0.0495936     0.0278591     0.0278638     0.0278522
413     0.0546417     0.0316356     0.0316421     0.0316265
415     0.0586052     0.0349828     0.0349916     0.0349713
417     0.0622533     0.0383253     0.0383369     0.0383107
419     0.0690367     0.0438596     0.0438757     0.0438402
421     0.0745777     0.0488993     0.048921     0.0488741
423     0.0800202     0.0542075     0.0542363     0.0541749
425     0.0857979     0.0600784     0.0601167     0.060036
427     0.0953025     0.0690035     0.0690564     0.0689466
429     0.101199     0.0758802     0.0759503     0.0758063
431     0.111926     0.0869731     0.0870698     0.0868731
433     0.118749     0.0956927     0.0958192     0.095564
435     0.128805     0.107727     0.107896     0.107558
437     0.137541     0.119415     0.119634     0.1192
439     0.144581     0.130328     0.130605     0.130059
441     0.151423     0.141596     0.141938     0.141267
443     0.159685     0.154642     0.155058     0.154246
445     0.161559     0.161606     0.162078     0.16116
447     0.166607     0.171641     0.17217     0.171143
449     0.167041     0.176496     0.177052     0.175975
451     0.166035     0.17911     0.178572     0.179681
453     0.156037     0.171082     0.17059     0.171604
455     0.149491     0.165887     0.165443     0.166355
457     0.142471     0.159482     0.159096     0.159886
459     0.135648     0.152803     0.152477     0.15314
461     0.123028     0.139249     0.138993     0.139509
463     0.113839     0.129372     0.12917     0.129575
465     0.106424     0.121433     0.121272     0.12159
467     0.0949279     0.108795     0.108675     0.108912
469     0.0886572     0.102127     0.102032     0.102216
471     0.0794089     0.0920211     0.0919502     0.0920864
473     0.0748538     0.0873415     0.0872853     0.0873918
475     0.0665323     0.0782484     0.0782063     0.0782849
477     0.0602617     0.0714988     0.0714664     0.0715259
479     0.0544051     0.0651813     0.0651561     0.0652014
481     0.0514866     0.0623404     0.0623198     0.0623561
483     0.0473456     0.0579898     0.0579732     0.0580017
485     0.0428299     0.0530937     0.0530805     0.0531027
487     0.0399115     0.0501059     0.0500949     0.0501128
489     0.0377424     0.0480106     0.0480012     0.0480161
491     0.0350014     0.0451222     0.0451142     0.0451264
493     0.0312154     0.0407957     0.0407892     0.0407989
495     0.0293421     0.0388919     0.0388862     0.0388945
497     0.027804     0.0373766     0.0373715     0.0373787
499     0.0256151     0.0349416     0.0349371     0.0349432
501     0.0242545     0.0335708     0.0335668     0.0335721
503     0.0230122     0.0323288     0.0323252     0.0323299
505     0.0210009     0.0299545     0.0299513     0.0299553
507     0.0185163     0.0268156     0.0268128     0.0268162
509     0.0189106     0.0278106     0.0278078     0.0278112
511     0.01755     0.0262009     0.0261983     0.0262013
513     0.0163472     0.0247845     0.0247821     0.0247849
515     0.0160514     0.0247229     0.0247207     0.0247233
517     0.0147499     0.0230776     0.0230755     0.0230778
519     0.0137048     0.0217786     0.0217766     0.0217788
521     0.0130541     0.0210627     0.0210609     0.0210629
523     0.0112793     0.0184835     0.0184819     0.0184836
525     0.0112399     0.0187028     0.0187012     0.0187029
527     0.0115357     0.0194998     0.0194981     0.0194999
529     0.0109836     0.0188483     0.0188467     0.0188484
531     0.0102342     0.0178243     0.0178228     0.0178244
533     0.00944546     0.0166966     0.0166952     0.0166966
535     0.00909052     0.0163186     0.0163173     0.0163187
537     0.00926799     0.0168887     0.0168873     0.0168887
539     0.0085581     0.015828     0.0158268     0.0158281
541     0.00796653     0.0149568     0.0149555     0.0149568
543     0.0071186     0.0135725     0.0135714     0.0135725
545     0.00739467     0.0143077     0.0143065     0.0143077
547     0.00715804     0.0140608     0.0140597     0.0140608
549     0.0067045     0.0133786     0.0133775     0.0133785
551     0.00698057     0.0141427     0.0141416     0.0141427
553     0.00575799     0.0118418     0.0118409     0.0118418
555     0.00554107     0.0115707     0.0115697     0.0115707
557     0.00528473     0.0111952     0.0111943     0.0111952
559     0.00613265     0.0131926     0.0131915     0.0131926
561     0.00589602     0.0128599     0.0128588     0.0128599
563     0.00514669     0.0113855     0.0113846     0.0113855
565     0.00455512     0.0102085     0.0102077     0.0102085
567     0.00421989     0.00958688     0.00958611     0.00958687
569     0.00445652     0.0102659     0.0102651     0.0102659
571     0.00457484     0.0106879     0.010687     0.0106879
573     0.00418045     0.00991008     0.00990929     0.00991008
575     0.00398326     0.00958155     0.00958079     0.00958155
577     0.00400298     0.009768     0.00976722     0.009768
579     0.00400298     0.00991145     0.00991066     0.00991144
581     0.00331281     0.00832041     0.00831974     0.0083204
583     0.00382551     0.00973709     0.00973631     0.00973708
585     0.00317478     0.00819668     0.00819603     0.00819668
587     0.00345085     0.00902861     0.0090279     0.00902861
589     0.00337197     0.00894975     0.00894904     0.00894975
591     0.0030959     0.00834157     0.00834091     0.00834157
593     0.00291843     0.00797792     0.00797728     0.00797792
595     0.00276068     0.00766691     0.0076663     0.00766691
597     0.00270152     0.00761492     0.00761431     0.00761492
599     0.00254377     0.0072745     0.00727392     0.0072745
601     0.00252405     0.00731609     0.00731551     0.00731609
603     0.00270152     0.00793275     0.00793212     0.00793275
605     0.00311562     0.00927084     0.0092701     0.00927083
607     0.00212967     0.00641188     0.00641137     0.00641188
609     0.00232686     0.00709755     0.00709698     0.00709754
611     0.00207051     0.00640096     0.00640045     0.00640096
613     0.00252405     0.00790462     0.00790399     0.00790462
615     0.00212967     0.00676244     0.0067619     0.00676244
617     0.0022677     0.00729767     0.00729709     0.00729767
619     0.00203107     0.00663096     0.00663043     0.00663095
621     0.00147893     0.00489603     0.00489564     0.00489603
623     0.00199163     0.00668263     0.0066821     0.00668263
625     0.00155781     0.00529839     0.00529796     0.00529838
627     0.00187332     0.00645314     0.00645263     0.00645314
629     0.00205079     0.0071608     0.00716023     0.0071608
631     0.00199163     0.00704181     0.00704125     0.00704181
633     0.00203107     0.00727042     0.00726984     0.00727042
635     0.00130146     0.00471473     0.00471435     0.00471473
637     0.00145922     0.00535282     0.0053524     0.00535282
639     0.00155781     0.00578384     0.00578338     0.00578384
641     0.00138034     0.00519451     0.00519409     0.0051945
643     0.00167613     0.00639318     0.00639267     0.00639318
645     0.00149865     0.00579441     0.00579395     0.00579441
647     0.0014395     0.00564156     0.00564111     0.00564156
649     0.00116343     0.00462576     0.00462539     0.00462576
651     0.00114371     0.00460994     0.00460957     0.00460994
653     0.00149865     0.00611489     0.00611441     0.00611489
655     0.00151837     0.00627725     0.00627676     0.00627725
657     0.00138034     0.00577853     0.00577807     0.00577853
659     0.00136062     0.0057685     0.00576804     0.00576849
661     0.00114371     0.00490859     0.0049082     0.00490859
663     0.00118315     0.0051416     0.00514119     0.0051416
665     0.000966237     0.00424996     0.00424962     0.00424996
667     0.0013409     0.00597677     0.0059763     0.00597677
669     0.000847922     0.00382505     0.00382475     0.00382505
671     0.00114371     0.00522118     0.00522076     0.00522118
673     0.00110427     0.00510177     0.00510137     0.00510177
675     0.00114371     0.00535209     0.00535167     0.00535209
677     0.000690169     0.00326699     0.00326673     0.00326699
679     0.00090708     0.00434307     0.00434273     0.00434307
681     0.000946518     0.00458955     0.00458919     0.00458955
683     0.000709889     0.00348004     0.00347976     0.00348004
685     0.00104511     0.00518324     0.00518283     0.00518324
687     0.000887361     0.00444559     0.00444524     0.00444559
689     0.000729608     0.00370171     0.00370142     0.00370171
691     0.000769046     0.00394799     0.00394768     0.00394799
693     0.000571855     0.00297133     0.00297109     0.00297133
695     0.000571855     0.0030072     0.00300696     0.0030072
697     0.000887361     0.00472398     0.0047236     0.00472398
699     0.000769046     0.00414374     0.00414341     0.00414374
701     0.00090708     0.00494898     0.00494859     0.00494898
703     0.000571855     0.00315656     0.00315631     0.00315656
705     0.000808484     0.00451254     0.00451218     0.00451254
707     0.000591574     0.00333967     0.0033394     0.00333967
709     0.000631012     0.0036047     0.00360441     0.00360469
711     0.000808484     0.00467556     0.00467518     0.00467555
713     0.000631012     0.00369817     0.00369788     0.00369817
715     0.000631012     0.00373916     0.00373886     0.00373916
717     0.000552136     0.00331459     0.00331432     0.00331459
719     0.000709889     0.00431133     0.00431099     0.00431133
721     0.000552136     0.00339035     0.00339009     0.00339035
723     0.000571855     0.00354644     0.00354616     0.00354644
725     0.000433821     0.0027256     0.00272539     0.0027256
727     0.000433821     0.00275296     0.00275274     0.00275296
729     0.000512697     0.00328897     0.00328871     0.00328897
731     0.000611293     0.00396216     0.00396185     0.00396216
733     0.000591574     0.00387946     0.00387916     0.00387946
735     0.000473259     0.00313821     0.00313796     0.00313821
737     0.000532416     0.00356722     0.00356693     0.00356722
739     0.00067045     0.00454482     0.00454446     0.00454482
741     0.000414102     0.00284728     0.00284706     0.00284728
743     0.000631012     0.00438754     0.0043872     0.00438754
745     0.000512697     0.00360717     0.00360689     0.00360717
747     0.000394383     0.0028088     0.00280858     0.0028088
749     0.000473259     0.00340394     0.00340367     0.00340394
751     0.000571855     0.00415883     0.0041585     0.00415883
753     0.000414102     0.00304637     0.00304613     0.00304637
755     0.000492978     0.00366357     0.00366328     0.00366357
757     0.000394383     0.00296269     0.00296245     0.00296269
759     0.000552136     0.00418905     0.00418872     0.00418905
761     0.000571855     0.00438503     0.00438469     0.00438503
763     0.000354944     0.0027512     0.00275098     0.0027512
765     0.000650731     0.0050999     0.00509949     0.0050999
767     0.000394383     0.00312289     0.00312264     0.00312289
769     0.000433821     0.00348014     0.00347986     0.00348014
771     0.000374663     0.00303655     0.00303631     0.00303655
773     0.000354944     0.00291148     0.00291125     0.00291148
775     0.000374663     0.00310479     0.00310454     0.00310479
777     0.000354944     0.00297475     0.00297451     0.00297475
779     0.000394383     0.00334482     0.00334456     0.00334482
781     0.000374663     0.00320919     0.00320893     0.00320919
783     0.000197191     0.00170902     0.00170888     0.00170902
785     0.000394383     0.00345056     0.00345029     0.00345056
787     0.000473259     0.00418246     0.00418212     0.00418246
789     0.000374663     0.0033484     0.00334814     0.0033484
791     0.000335225     0.0030233     0.00302306     0.0030233
793     0.000276068     0.002513     0.0025128     0.002513
795     0.000374663     0.00344827     0.00344799     0.00344826
797     0.000118315     0.00110043     0.00110034     0.00110043
799     0.00023663     0.00222589     0.00222571     0.00222589
801     0.000276068     0.00262623     0.00262602     0.00262623
803     0.000315506     0.00303314     0.0030329     0.00303314
805     0.00021691     0.0021069     0.00210673     0.0021069
807     0.000354944     0.00348963     0.00348935     0.00348963
809     0.000374663     0.00372449     0.0037242     0.00372449
811     0.00023663     0.00237585     0.00237566     0.00237584
813     0.000177472     0.00180099     0.00180085     0.00180099
815     0.000276068     0.00283224     0.00283202     0.00283224
817     0.000315506     0.00327114     0.00327088     0.00327113
819     0.000276068     0.00289039     0.00289016     0.00289039
821     0.000256349     0.00271083     0.00271061     0.00271083
823     0.000197191     0.00210904     0.00210887     0.00210904
825     0.000157753     0.00170434     0.00170421     0.00170434
827     0.000197191     0.00214753     0.00214735     0.00214752
829     0.00021691     0.0023895     0.00238931     0.0023895
831     0.000276068     0.00307388     0.00307363     0.00307388
833     0.000276068     0.00310872     0.00310847     0.00310871
835     0.00023663     0.00268849     0.00268828     0.00268849
837     0.000177472     0.00203809     0.00203792     0.00203809
839     0.000197191     0.00228692     0.00228674     0.00228692
841     0.00023663     0.00277574     0.00277552     0.00277574
843     0.000197191     0.00233252     0.00233233     0.00233252
845     0.000197191     0.00235792     0.00235773     0.00235792
847     0.000177472     0.00214284     0.00214267     0.00214284
849     0.000197191     0.00240747     0.00240728     0.00240747
851     0.000118315     0.00146076     0.00146065     0.00146076
853     0.000256349     0.00318943     0.00318918     0.00318943
855     0.000138034     0.00173585     0.00173571     0.00173585
857     0.000138034     0.00175642     0.00175628     0.00175642
859     0.00021691     0.00278749     0.00278727     0.00278749
861     0.000315506     0.00409083     0.0040905     0.00409083
863     0.000157753     0.00206632     0.00206615     0.00206632
865     0.00023663     0.00313074     0.00313049     0.00313074
867     0.000276068     0.00368854     0.00368825     0.00368854
869     0.000197191     0.00266222     0.002662     0.00266221
871     0.000157753     0.0021525     0.00215233     0.0021525
873     0.000157753     0.00216843     0.00216826     0.00216843
875     0.000295787     0.0041085     0.00410818     0.0041085
877     7.88765e-05     0.00110601     0.00110592     0.00110601
879     7.88765e-05     0.00111668     0.00111659     0.00111668
881     0.000256349     0.00366895     0.00366866     0.00366895
883     0.000138034     0.00199434     0.00199418     0.00199434
885     9.85956e-05     0.00143748     0.00143737     0.00143748
887     0.000197191     0.00290451     0.00290428     0.00290451
889     0.00023663     0.00351636     0.00351608     0.00351636
891     0.000118315     0.0017749     0.00177476     0.0017749
893     0.000138034     0.002096     0.00209584     0.002096
895     0.000177472     0.00271987     0.00271965     0.00271987
897     0.000177472     0.00274823     0.00274801     0.00274823
899     0.000197191     0.00308407     0.00308383     0.00308407
901     0.000177472     0.0027999     0.00279968     0.0027999
903     0.000157753     0.00251045     0.00251025     0.00251045
905     0.000157753     0.00253729     0.00253708     0.00253729
907     0.00023663     0.00384377     0.00384346     0.00384377
909     0.000138034     0.00226822     0.00226804     0.00226822
911     0.000118315     0.00196266     0.00196251     0.00196266
913     5.91574e-05     0.00098845     0.000988372     0.00098845
915     0.000118315     0.0019997     0.00199954     0.0019997
917     7.88765e-05     0.00134485     0.00134474     0.00134485
919     9.85956e-05     0.00169576     0.00169562     0.00169576
921     0     0     0     0
923     0     0     0     0
925     0     0     0     0
927     0     0     0     0
929     0     0     0     0
931     0     0     0     0
933     0     0     0     0
935     0     0     0     0
937     0     0     0     0
939     0     0     0     0
941     0     0     0     0
943     0     0     0     0
945     0     0     0     0
947     0     0     0     0
949     0     0     0     0
951     0     0     0     0
953     0     0     0     0
955     0     0     0     0
957     0     0     0     0
959     0     0     0     0
961     0     0     0     0
963     0     0     0     0
965     0     0     0     0
967     0     0     0     0
969     0     0     0     0
971     0     0     0     0
973     0     0     0     0
975     0     0     0     0
977     0     0     0     0
979     0     0     0     0
981     0     0     0     0
983     0     0     0     0
985     0     0     0     0
987     0     0     0     0
989     0     0     0     0
991     0     0     0     0
993     0     0     0     0
995     0     0     0     0
997     0     0     0     0
999     0     0     0     0
1001     0     0     0     0
1003     0     0     0     0
1005     0     0     0     0
1007     0     0     0     0
1009     0     0     0     0
1011     0     0     0     0
1013     0     0     0     0
1015     0     0     0     0
1017     0     0     0     0
1019     0     0     0     0
1021     0     0     0     0
1023     0     0     0     0
1025     0     0     0     0
1027     0     0     0     0
1029     0     0     0     0
1031     0     0     0     0
1033     0     0     0     0
1035     0     0     0     0
1037     0     0     0     0
1039     0     0     0     0
1041     0     0     0     0
1043     0     0     0     0
1045     0     0     0     0
1047     0     0     0     0
1049     0     0     0     0
1051     0     0     0     0
1053     0     0     0     0
1055     0     0     0     0
1057     0     0     0     0
1059     0     0     0     0
1061     0     0     0     0
1063     0     0     0     0
1065     0     0     0     0
1067     0     0     0     0
1069     0     0     0     0
1071     0     0     0     0
1073     0     0     0     0
1075     0     0     0     0
1077     0     0     0     0
1079     0     0     0     0
1081     0     0     0     0
1083     0     0     0     0
1085     0     0     0     0
1087     0     0     0     0
1089     0     0     0     0
1091     0     0     0     0
1093     0     0     0     0
1095     0     0     0     0
1097     0     0     0     0
1099     0     0     0     0
1101     0     0     0     0
1103     0     0     0     0
1105     0     0     0     0
1107     0     0     0     0
1109     0     0     0     0
1111     0     0     0     0
1113     0     0     0     0
1115     0     0     0     0
1117     0     0     0     0
1119     0     0     0     0
1121     0     0     0     0
1123     0     0     0     0
1125     0     0     0     0
1127     0     0     0     0
1129     0     0     0     0
1131     0     0     0     0
1133     0     0     0     0
1135     0     0     0     0
1137     0     0     0     0
1139     0     0     0     0
1141     0     0     0     0
1143     0     0     0     0
1145     0     0     0     0
1147     0     0     0     0
1149     0     0     0     0
1151     0     0     0     0
1153     0     0     0     0
1155     0     0     0     0
1157     0     0     0     0
1159     0     0     0     0
1161     0     0     0     0
1163     0     0     0     0
1165     0     0     0     0
1167     0     0     0     0
1169     0     0     0     0
1171     0     0     0     0
1173     0     0     0     0
1175     0     0     0     0
1177     0     0     0     0
1179     0     0     0     0
1181     0     0     0     0
1183     0     0     0     0
1185     0     0     0     0
1187     0     0     0     0
1189     0     0     0     0
1191     0     0     0     0
1193     0     0     0     0
1195     0     0     0     0
1197     0     0     0     0
1199     0     0     0     0
1201     0     0     0     0
1203     0     0     0     0
1205     0     0     0     0
1207     0     0     0     0
1209     0     0     0     0
1211     0     0     0     0
1213     0     0     0     0
1215     0     0     0     0
1217     0     0     0     0
1219     0     0     0     0
1221     0     0     0     0
1223     0     0     0     0
1225     0     0     0     0
1227     0     0     0     0
1229     0     0     0     0
1231     0     0     0     0
1233     0     0     0     0
1235     0     0     0     0
1237     0     0     0     0
1239     0     0     0     0
1241     0     0     0     0
1243     0     0     0     0
1245     0     0     0     0
1247     0     0     0     0
1249     0     0     0     0
1251     0     0     0     0
1253     0     0     0     0
1255     0     0     0     0
1257     0     0     0     0
1259     0     0     0     0
1261     0     0     0     0
1263     0     0     0     0
1265     0     0     0     0
1267     0     0     0     0
1269     0     0     0     0
1271     0     0     0     0
1273     0     0     0     0
1275     0     0     0     0
1277     0     0     0     0
1279     0     0     0     0
1281     0     0     0     0
1283     0     0     0     0
1285     0     0     0     0
1287     0     0     0     0
1289     0     0     0     0
1291     0     0     0     0
1293     0     0     0     0
1295     0     0     0     0
1297     0     0     0     0
1299     0     0     0     0
1301     0     0     0     0
1303     0     0     0     0
1305     0     0     0     0
1307     0     0     0     0
1309     0     0     0     0
1311     0     0     0     0
1313     0     0     0     0
1315     0     0     0     0
1317     0     0     0     0
1319     0     0     0     0
1321     0     0     0     0
1323     0     0     0     0
1325     0     0     0     0
1327     0     0     0     0
1329     0     0     0     0
1331     0     0     0     0
1333     0     0     0     0
1335     0     0     0     0
1337     0     0     0     0
1339     0     0     0     0
1341     0     0     0     0
1343     0     0     0     0
1345     0     0     0     0
1347     0     0     0     0
1349     0     0     0     0
1351     0     0     0     0
1353     0     0     0     0
1355     0     0     0     0
1357     0     0     0     0
1359     0     0     0     0
1361     0     0     0     0
1363     0     0     0     0
1365     0     0     0     0
1367     0     0     0     0
1369     0     0     0     0
1371     0     0     0     0
1373     0     0     0     0
1375     0     0     0     0
1377     0     0     0     0
1379     0     0     0     0
1381     0     0     0     0
1383     0     0     0     0
1385     0     0     0     0
1387     0     0     0     0
1389     0     0     0     0
1391     0     0     0     0
1393     0     0     0     0
1395     0     0     0     0
1397     0     0     0     0
1399     0     0     0     0
1401     0     0     0     0
1403     0     0     0     0
1405     0     0     0     0
1407     0     0     0     0
1409     0     0     0     0
1411     0     0     0     0
1413     0     0     0     0
1415     0     0     0     0
1417     0     0     0     0
1419     0     0     0     0
1421     0     0     0     0
1423     0     0     0     0
1425     0     0     0     0
1427     0     0     0     0
1429     0     0     0     0
1431     0     0     0     0
1433     0     0     0     0
1435     0     0     0     0
1437     0     0     0     0
1439     0     0     0     0
1441     0     0     0     0
1443     0     0     0     0
1445     0     0     0     0
1447     0     0     0     0
1449     0     0     0     0
1451     0     0     0     0
1453     0     0     0     0
1455     0     0     0     0
1457     0     0     0     0
1459     0     0     0     0
1461     0     0     0     0
1463     0     0     0     0
1465     0     0     0     0
1467     0     0     0     0
1469     0     0     0     0
1471     0     0     0     0
1473     0     0     0     0
1475     0     0     0     0
1477     0     0     0     0
1479     0     0     0     0
1481     0     0     0     0
1483     0     0     0     0
1485     0     0     0     0
1487     0     0     0     0
1489     0     0     0     0
1491     0     0     0     0
1493     0     0     0     0
1495     0     0     0     0
1497     0     0     0     0
1499     0     0     0     0
1501     0     0     0     0
1503     0     0     0     0
1505     0     0     0     0
1507     0     0     0     0
1509     0     0     0     0
1511     0     0     0     0
1513     0     0     0     0
1515     0     0     0     0
1517     0     0     0     0
1519     0     0     0     0
1521     0     0     0     0
1523     0     0     0     0
1525     0     0     0     0
1527     0     0     0     0
1529     0     0     0     0
1531     0     0     0     0
1533     0     0     0     0
1535     0     0     0     0
1537     0     0     0     0
1539     0     0     0     0
1541     0     0     0     0
1543     0     0     0     0
1545     0     0     0     0
1547     0     0     0     0
1549     0     0     0     0
1551     0     0     0     0
1553     0     0     0     0
1555     0     0     0     0
1557     0     0     0     0
1559     0     0     0     0
1561     0     0     0     0
1563     0     0     0     0
1565     0     0     0     0
1567     0     0     0     0
1569     0     0     0     0
1571     0     0     0     0
1573     0     0     0     0
1575     0     0     0     0
1577     0     0     0     0
1579     0     0     0     0
1581     0     0     0     0
1583     0     0     0     0
1585     0     0     0     0
1587     0     0     0     0
1589     0     0     0     0
1591     0     0     0     0
1593     0     0     0     0
1595     0     0     0     0
1597     0     0     0     0
1599     0     0     0     0
1601     0     0     0     0
1603     0     0     0     0
1605     0     0     0     0
1607     0     0     0     0
1609     0     0     0     0
1611     0     0     0     0
1613     0     0     0     0
1615     0     0     0     0
1617     0     0     0     0
1619     0     0     0     0
1621     0     0     0     0
1623     0     0     0     0
1625     0     0     0     0
1627     0     0     0     0
1629     0     0     0     0
1631     0     0     0     0
1633     0     0     0     0
1635     0     0     0     0
1637     0     0     0     0
1639     0     0     0     0
1641     0     0     0     0
1643     0     0     0     0
1645     0     0     0     0
1647     0     0     0     0
1649     0     0     0     0
1651     0     0     0     0
1653     0     0     0     0
1655     0     0     0     0
1657     0     0     0     0
1659     0     0     0     0
1661     0     0     0     0
1663     0     0     0     0
1665     0     0     0     0
1667     0     0     0     0
1669     0     0     0     0
1671     0     0     0     0
1673     0     0     0     0
1675     0     0     0     0
1677     0     0     0     0
1679     0     0     0     0
1681     0     0     0     0
1683     0     0     0     0
1685     0     0     0     0
1687     0     0     0     0
1689     0     0     0     0
1691     0     0     0     0
1693     0     0     0     0
1695     0     0     0     0
1697     0     0     0     0
1699     0     0     0     0
1701     0     0     0     0
1703     0     0     0     0
1705     0     0     0     0
1707     0     0     0     0
1709     0     0     0     0
1711     0     0     0     0
1713     0     0     0     0
1715     0     0     0     0
1717     0     0     0     0
1719     0     0     0     0
1721     0     0     0     0
1723     0     0     0     0
1725     0     0     0     0
1727     0     0     0     0
1729     0     0     0     0
1731     0     0     0     0
1733     0     0     0     0
1735     0     0     0     0
1737     0     0     0     0
1739     0     0     0     0
1741     0     0     0     0
1743     0     0     0     0
1745     0     0     0     0
1747     0     0     0     0
1749     0     0     0     0
1751     0     0     0     0
1753     0     0     0     0
1755     0     0     0     0
1757     0     0     0     0
1759     0     0     0     0
1761     0     0     0     0
1763     0     0     0     0
1765     0     0     0     0
1767     0     0     0     0
1769     0     0     0     0
1771     0     0     0     0
1773     0     0     0     0
1775     0     0     0     0
1777     0     0     0     0
1779     0     0     0     0
1781     0     0     0     0
1783     0     0     0     0
1785     0     0     0     0
1787     0     0     0     0
1789     0     0     0     0
1791     0     0     0     0
1793     0     0     0     0
1795     0     0     0     0
1797     0     0     0     0
1799     0     0     0     0
1801     0     0     0     0
1803     0     0     0     0
1805     0     0     0     0
1807     0     0     0     0
1809     0     0     0     0
1811     0     0     0     0
1813     0     0     0     0
1815     0     0     0     0
1817     0     0     0     0
1819     0     0     0     0
1821     0     0     0     0
1823     0     0     0     0
1825     0     0     0     0
1827     0     0     0     0
1829     0     0     0     0
1831     0     0     0     0
1833     0     0     0     0
1835     0     0     0     0
1837     0     0     0     0
1839     0     0     0     0
1841     0     0     0     0
1843     0     0     0     0
1845     0     0     0     0
1847     0     0     0     0
1849     0     0     0     0
1851     0     0     0     0
1853     0     0     0     0
1855     0     0     0     0
1857     0     0     0     0
1859     0     0     0     0
1861     0     0     0     0
1863     0     0     0     0
1865     0     0     0     0
1867     0     0     0     0
1869     0     0     0     0
1871     0     0     0     0
1873     0     0     0     0
1875     0     0     0     0
1877     0     0     0     0
1879     0     0     0     0
1881     0     0     0     0
1883     0     0     0     0
1885     0     0     0     0
1887     0     0     0     0
1889     0     0     0     0
1891     0     0     0     0
1893     0     0     0     0
1895     0     0     0     0
1897     0     0     0     0
1899     0     0     0     0
1901     0     0     0     0
1903     0     0     0     0
1905     0     0     0     0
1907     0     0     0     0
1909     0     0     0     0
1911     0     0     0     0
1913     0     0     0     0
1915     0     0     0     0
1917     0     0     0     0
1919     0     0     0     0
1921     0     0     0     0
1923     0     0     0     0
1925     0     0     0     0
1927     0     0     0     0
1929     0     0     0     0
1931     0     0     0     0
1933     0     0     0     0
1935     0     0     0     0
1937     0     0     0     0
1939     0     0     0     0
1941     0     0     0     0
1943     0     0     0     0
1945     0     0     0     0
1947     0     0     0     0
1949     0     0     0     0
1951     0     0     0     0
1953     0     0     0     0
1955     0     0     0     0
1957     0     0     0     0
1959     0     0     0     0
1961     0     0     0     0
1963     0     0     0     0
1965     0     0     0     0
1967     0     0     0     0
1969     0     0     0     0
1971     0     0     0     0
1973     0     0     0     0
1975     0     0     0     0
1977     0     0     0     0
1979     0     0     0     0
1981     0     0     0     0
1983     0     0     0     0
1985     0     0     0     0
1987     0     0     0     0
1989     0     0     0     0
1991     0     0     0     0
1993     0     0     0     0
1995     0     0     0     0
1997     0     0     0     0
1999     0     0     0     0
2001     0     0     0     0
2003     0     0     0     0
2005     0     0     0     0
2007     0     0     0     0
2009     0     0     0     0
2011     0     0     0     0
2013     0     0     0     0
2015     0     0     0     0
2017     0     0     0     0
2019     0     0     0     0
2021     0     0     0     0
2023     0     0     0     0
2025     0     0     0     0
2027     0     0     0     0
2029     0     0     0     0
2031     0     0     0     0
2033     0     0     0     0
2035     0     0     0     0
2037     0     0     0     0
2039     0     0     0     0
2041     0     0     0     0
2043     0     0     0     0
2045     0     0     0     0
2047     0     0     0     0
2049     0     0     0     0
2051     0     0     0     0
2053     0     0     0     0
2055     0     0     0     0
2057     0     0     0     0
2059     0     0     0     0
2061     0     0     0     0
2063     0     0     0     0
2065     0     0     0     0
2067     0     0     0     0
2069     0     0     0     0
2071     0     0     0     0
2073     0     0     0     0
2075     0     0     0     0
2077     0     0     0     0
2079     0     0     0     0
2081     0     0     0     0
2083     0     0     0     0
2085     0     0     0     0
2087     0     0     0     0
2089     0     0     0     0
2091     0     0     0     0
2093     0     0     0     0
2095     0     0     0     0
2097     0     0     0     0
2099     0     0     0     0
2101     0     0     0     0
2103     0     0     0     0
2105     0     0     0     0
2107     0     0     0     0
2109     0     0     0     0
2111     0     0     0     0
2113     0     0     0     0
2115     0     0     0     0
2117     0     0     0     0
2119     0     0     0     0
2121     0     0     0     0
2123     0     0     0     0
2125     0     0     0     0
2127     0     0     0     0
2129     0     0     0     0
2131     0     0     0     0
2133     0     0     0     0
2135     0     0     0     0
2137     0     0     0     0
2139     0     0     0     0
2141     0     0     0     0
2143     0     0     0     0
2145     0     0     0     0
2147     0     0     0     0
2149     0     0     0     0
2151     0     0     0     0
2153     0     0     0     0
2155     0     0     0     0
2157     0     0     0     0
2159     0     0     0     0
2161     0     0     0     0
2163     0     0     0     0
2165     0     0     0     0
2167     0     0     0     0
2169     0     0     0     0
2171     0     0     0     0
2173     0     0     0     0
2175     0     0     0     0
2177     0     0     0     0
2179     0     0     0     0
2181     0     0     0     0
2183     0     0     0     0
2185     0     0     0     0
2187     0     0     0     0
2189     0     0     0     0
2191     0     0     0     0
2193     0     0     0     0
2195     0     0     0     0
2197     0     0     0     0
2199     0     0     0     0
2201     0     0     0     0
2203     0     0     0     0
2205     0     0     0     0
2207     0     0     0     0
2209     0     0     0     0
2211     0     0     0     0
2213     0     0     0     0
2215     0     0     0     0
2217     0     0     0     0
2219     0     0     0     0
2221     0     0     0     0
2223     0     0     0     0
2225     0     0     0     0
2227     0     0     0     0
2229     0     0     0     0
2231     0     0     0     0
2233     0     0     0     0
2235     0     0     0     0
2237     0     0     0     0
2239     0     0     0     0
2241     0     0     0     0
2243     0     0     0     0
2245     0     0     0     0
2247     0     0     0     0
2249     0     0     0     0
2251     0     0     0     0
2253     0     0     0     0
2255     0     0     0     0
2257     0     0     0     0
2259     0     0     0     0
2261     0     0     0     0
2263     0     0     0     0
2265     0     0     0     0
2267     0     0     0     0
2269     0     0     0     0
2271     0     0     0     0
2273     0     0     0     0
2275     0     0     0     0
2277     0     0     0     0
2279     0     0     0     0
2281     0     0     0     0
2283     0     0     0     0
2285     0     0     0     0
2287     0     0     0     0
2289     0     0     0     0
2291     0     0     0     0
2293     0     0     0     0
2295     0     0     0     0
2297     0     0     0     0
2299     0     0     0     0
2301     0     0     0     0
2303     0     0     0     0
2305     0     0     0     0
2307     0     0     0     0
2309     0     0     0     0
2311     0     0     0     0
2313     0     0     0     0
2315     0     0     0     0
2317     0     0     0     0
2319     0     0     0     0
2321     0     0     0     0
2323     0     0     0     0
2325     0     0     0     0
2327     0     0     0     0
2329     0     0     0     0
2331     0     0     0     0
2333     0     0     0     0
2335     0     0     0     0
2337     0     0     0     0
2339     0     0     0     0
2341     0     0     0     0
2343     0     0     0     0
2345     0     0     0     0
2347     0     0     0     0
2349     0     0     0     0
2351     0     0     0     0
2353     0     0     0     0
2355     0     0     0     0
2357     0     0     0     0
2359     0     0     0     0
2361     0     0     0     0
2363     0     0     0     0
2365     0     0     0     0
2367     0     0     0     0
2369     0     0     0     0
2371     0     0     0     0
2373     0     0     0     0
2375     0     0     0     0
2377     0     0     0     0
2379     0     0     0     0
2381     0     0     0     0
2383     0     0     0     0
2385     0     0     0     0
2387     0     0     0     0
2389     0     0     0     0
2391     0     0     0     0
2393     0     0     0     0
2395     0     0     0     0
2397     0     0     0     0
2399     0     0     0     0
2401     0     0     0     0
2403     0     0     0     0
2405     0     0     0     0
2407     0     0     0     0
2409     0     0     0     0
2411     0     0     0     0
2413     0     0     0     0
2415     0     0     0     0
2417     0     0     0     0
2419     0     0     0     0
2421     0     0     0     0
2423     0     0     0     0
2425     0     0     0     0
2427     0     0     0     0
2429     0     0     0     0
2431     0     0     0     0
2433     0     0     0     0
2435     0     0     0     0
2437     0     0     0     0
2439     0     0     0     0
2441     0     0     0     0
2443     0     0     0     0
2445     0     0     0     0
2447     0     0     0     0
2449     0     0     0     0
2451     0     0     0     0
2453     0     0     0     0
2455     0     0     0     0
2457     0     0     0     0
2459     0     0     0     0
2461     0     0     0     0
2463     0     0     0     0
2465     0     0     0     0
2467     0     0     0     0
2469     0     0     0     0
2471     0     0     0     0
2473     0     0     0     0
2475     0     0     0     0
2477     0     0     0     0
2479     0     0     0     0
2481     0     0     0     0
2483     0     0     0     0
2485     0     0     0     0
2487     0     0     0     0
2489     0     0     0     0
2491     0     0     0     0
2493     0     0     0     0
2495     0     0     0     0
2497     0     0     0     0
2499     0     0     0     0
2501     0     0     0     0
2503     0     0     0     0
2505     0     0     0     0
2507     0     0     0     0
2509     0     0     0     0
2511     0     0     0     0
2513     0     0     0     0
2515     0     0     0     0
2517     0     0     0     0
2519     0     0     0     0
2521     0     0     0     0
2523     0     0     0     0
2525     0     0     0     0
2527     0     0     0     0
2529     0     0     0     0
2531     0     0     0     0
2533     0     0     0     0
2535     0     0     0     0
2537     0     0     0     0
2539     0     0     0     0
2541     0     0     0     0
2543     0     0     0     0
2545     0     0     0     0
2547     0     0     0     0
2549     0     0     0     0
2551     0     0     0     0
2553     0     0     0     0
2555     0     0     0     0
2557     0     0     0     0
2559     0     0     0     0
2561     0     0     0     0
2563     0     0     0     0
2565     0     0     0     0
2567     0     0     0     0
2569     0     0     0     0
2571     0     0     0     0
2573     0     0     0     0
2575     0     0     0     0
2577     0     0     0     0
2579     0     0     0     0
2581     0     0     0     0
2583     0     0     0     0
2585     0     0     0     0
2587     0     0     0     0
2589     0     0     0     0
2591     0     0     0     0
2593     0     0     0     0
2595     0     0     0     0
2597     0     0     0     0
2599     0     0     0     0
2601     0     0     0     0
2603     0     0     0     0
2605     0     0     0     0
2607     0     0     0     0
2609     0     0     0     0
2611     0     0     0     0
2613     0     0     0     0
2615     0     0     0     0
2617     0     0     0     0
2619     0     0     0     0
2621     0     0     0     0
2623     0     0     0     0
2625     0     0     0     0
2627     0     0     0     0
2629     0     0     0     0
2631     0     0     0     0
2633     0     0     0     0
2635     0     0     0     0
2637     0     0     0     0
2639     0     0     0     0
2641     0     0     0     0
2643     0     0     0     0
2645     0     0     0     0
2647     0     0     0     0
2649     0     0     0     0
2651     0     0     0     0
2653     0     0     0     0
2655     0     0     0     0
2657     0     0     0     0
2659     0     0     0     0
2661     0     0     0     0
2663     0     0     0     0
2665     0     0     0     0
2667     0     0     0     0
2669     0     0     0     0
2671     0     0     0     0
2673     0     0     0     0
2675     0     0     0     0
2677     0     0     0     0
2679     0     0     0     0
2681     0     0     0     0
2683     0     0     0     0
2685     0     0     0     0
2687     0     0     0     0
2689     0     0     0     0
2691     0     0     0     0
2693     0     0     0     0
2695     0     0     0     0
2697     0     0     0     0
2699     0     0     0     0
2701     0     0     0     0
2703     0     0     0     0
2705     0     0     0     0
2707     0     0     0     0
2709     0     0     0     0
2711     0     0     0     0
2713     0     0     0     0
2715     0     0     0     0
2717     0     0     0     0
2719     0     0     0     0
2721     0     0     0     0
2723     0     0     0     0
2725     0     0     0     0
2727     0     0     0     0
2729     0     0     0     0
2731     0     0     0     0
2733     0     0     0     0
2735     0     0     0     0
2737     0     0     0     0
2739     0     0     0     0
2741     0     0     0     0
2743     0     0     0     0
2745     0     0     0     0
2747     0     0     0     0
2749     0     0     0     0
2751     0     0     0     0
2753     0     0     0     0
2755     0     0     0     0
2757     0     0     0     0
2759     0     0     0     0
2761     0     0     0     0
2763     0     0     0     0
2765     0     0     0     0
2767     0     0     0     0
2769     0     0     0     0
2771     0     0     0     0
2773     0     0     0     0
2775     0     0     0     0
2777     0     0     0     0
2779     0     0     0     0
2781     0     0     0     0
2783     0     0     0     0
2785     0     0     0     0
2787     0     0     0     0
2789     0     0     0     0
2791     0     0     0     0
2793     0     0     0     0
2795     0     0     0     0
2797     0     0     0     0
2799     0     0     0     0
2801     0     0     0     0
2803     0     0     0     0
2805     0     0     0     0
2807     0     0     0     0
2809     0     0     0     0
2811     0     0     0     0
2813     0     0     0     0
2815     0     0     0     0
2817     0     0     0     0
2819     0     0     0     0
2821     0     0     0     0
2823     0     0     0     0
2825     0     0     0     0
2827     0     0     0     0
2829     0     0     0     0
2831     0     0     0     0
2833     0     0     0     0
2835     0     0     0     0
2837     0     0     0     0
2839     0     0     0     0
2841     0     0     0     0
2843     0     0     0     0
2845     0     0     0     0
2847     0     0     0     0
2849     0     0     0     0
2851     0     0     0     0
2853     0     0     0     0
2855     0     0     0     0
2857     0     0     0     0
2859     0     0     0     0
2861     0     0     0     0
2863     0     0     0     0
2865     0     0     0     0
2867     0     0     0     0
2869     0     0     0     0
2871     0     0     0     0
2873     0     0     0     0
2875     0     0     0     0
2877     0     0     0     0
2879     0     0     0     0
2881     0     0     0     0
2883     0     0     0     0
2885     0     0     0     0
2887     0     0     0     0
2889     0     0     0     0
2891     0     0     0     0
2893     0     0     0     0
2895     0     0     0     0
2897     0     0     0     0
2899     0     0     0     0
2901     0     0     0     0
2903     0     0     0     0
2905     0     0     0     0
2907     0     0     0     0
2909     0     0     0     0
2911     0     0     0     0
2913     0     0     0     0
2915     0     0     0     0
2917     0     0     0     0
2919     0     0     0     0
2921     0     0     0     0
2923     0     0     0     0
2925     0     0     0     0
2927     0     0     0     0
2929     0     0     0     0
2931     0     0     0     0
2933     0     0     0     0
2935     0     0     0     0
2937     0     0     0     0
2939     0     0     0     0
2941     0     0     0     0
2943     0     0     0     0
2945     0     0     0     0
2947     0     0     0     0
2949     0     0     0     0
2951     0     0     0     0
2953     0     0     0     0
2955     0     0     0     0
2957     0     0     0     0
2959     0     0     0     0
2961     0     0     0     0
2963     0     0     0     0
2965     0     0     0     0
2967     0     0     0     0
2969     0     0     0     0
2971     0     0     0     0
2973     0     0     0     0
2975     0     0     0     0
2977     0     0     0     0
2979     0     0     0     0
2981     0     0     0     0
2983     0     0     0     0
2985     0     0     0     0
2987     0     0     0     0
2989     0     0     0     0
2991     0     0     0     0
2993     0     0     0     0
2995     0     0     0     0
2997     0     0     0     0
2999     0     0     0     0
3001     0     0     0     0
3003     0     0     0     0
3005     0     0     0     0
3007     0     0     0     0
3009     0     0     0     0
3011     0     0     0     0
3013     0     0     0     0
3015     0     0     0     0
3017     0     0     0     0
3019     0     0     0     0
3021     0     0     0     0
3023     0     0     0     0
3025     0     0     0     0
3027     0     0     0     0
3029     0     0     0     0
3031     0     0     0     0
3033     0     0     0     0
3035     0     0     0     0
3037     0     0     0     0
3039     0     0     0     0
3041     0     0     0     0
3043     0     0     0     0
3045     0     0     0     0
3047     0     0     0     0
3049     0     0     0     0
3051     0     0     0     0
3053     0     0     0     0
3055     0     0     0     0
3057     0     0     0     0
3059     0     0     0     0
3061     0     0     0     0
3063     0     0     0     0
3065     0     0     0     0
3067     0     0     0     0
3069     0     0     0     0
3071     0     0     0     0
3073     0     0     0     0
3075     0     0     0     0
3077     0     0     0     0
3079     0     0     0     0
3081     0     0     0     0
3083     0     0     0     0
3085     0     0     0     0
3087     0     0     0     0
3089     0     0     0     0
3091     0     0     0     0
3093     0     0     0     0
3095     0     0     0     0
3097     0     0     0     0
3099     0     0     0     0
3101     0     0     0     0
3103     0     0     0     0
3105     0     0     0     0
3107     0     0     0     0
3109     0     0     0     0
3111     0     0     0     0
3113     0     0     0     0
3115     0     0     0     0
3117     0     0     0     0
3119     0     0     0     0
3121     0     0     0     0
3123     0     0     0     0
3125     0     0     0     0
3127     0     0     0     0
3129     0     0     0     0
3131     0     0     0     0
3133     0     0     0     0
3135     0     0     0     0
3137     0     0     0     0
3139     0     0     0     0
3141     0     0     0     0
3143     0     0     0     0
3145     0     0     0     0
3147     0     0     0     0
3149     0     0     0     0
3151     0     0     0     0
3153     0     0     0     0
3155     0     0     0     0
3157     0     0     0     0
3159     0     0     0     0
3161     0     0     0     0
3163     0     0     0     0
3165     0     0     0     0
3167     0     0     0     0
3169     0     0     0     0
3171     0     0     0     0
3173     0     0     0     0
3175     0     0     0     0
3177     0     0     0     0
3179     0     0     0     0
3181     0     0     0     0
3183     0     0     0     0
3185     0     0     0     0
3187     0     0     0     0
3189     0     0     0     0
3191     0     0     0     0
3193     0     0     0     0
3195     0     0     0     0
3197     0     0     0     0
3199     0     0     0     0
3201     0     0     0     0
3203     0     0     0     0
3205     0     0     0     0
3207     0     0     0     0
3209     0     0     0     0
3211     0     0     0     0
3213     0     0     0     0
3215     0     0     0     0
3217     0     0     0     0
3219     0     0     0     0
3221     0     0     0     0
3223     0     0     0     0
3225     0     0     0     0
3227     0     0     0     0
3229     0     0     0     0
3231     0     0     0     0
3233     0     0     0     0
3235     0     0     0     0
3237     0     0     0     0
3239     0     0     0     0
3241     0     0     0     0
3243     0     0     0     0
3245     0     0     0     0
3247     0     0     0     0
3249     0     0     0     0
3251     0     0     0     0
3253     0     0     0     0
3255     0     0     0     0
3257     0     0     0     0
3259     0     0     0     0
3261     0     0     0     0
3263     0     0     0     0
3265     0     0     0     0
3267     0     0     0     0
3269     0     0     0     0
3271     0     0     0     0
3273     0     0     0     0
3275     0     0     0     0
3277     0     0     0     0
3279     0     0     0     0
3281     0     0     0     0
3283     0     0     0     0
3285     0     0     0     0
3287     0     0     0     0
3289     0     0     0     0
3291     0     0     0     0
3293     0     0     0     0
3295     0     0     0     0
3297     0     0     0     0
3299     0     0     0     0
3301     0     0     0     0
3303     0     0     0     0
3305     0     0     0     0
3307     0     0     0     0
3309     0     0     0     0
3311     0     0     0     0
3313     0     0     0     0
3315     0     0     0     0
3317     0     0     0     0
3319     0     0     0     0
3321     0     0     0     0
3323     0     0     0     0
3325     0     0     0     0
3327     0     0     0     0
3329     0     0     0     0
3331     0     0     0     0
3333     0     0     0     0
3335     0     0     0     0
3337     0     0     0     0
3339     0     0     0     0
3341     0     0     0     0
3343     0     0     0     0
3345     0     0     0     0
3347     0     0     0     0
3349     0     0     0     0
3351     0     0     0     0
3353     0     0     0     0
3355     0     0     0     0
3357     0     0     0     0
3359     0     0     0     0
3361     0     0     0     0
3363     0     0     0     0
3365     0     0     0     0
3367     0     0     0     0
3369     0     0     0     0
3371     0     0     0     0
3373     0     0     0     0
3375     0     0     0     0
3377     0     0     0     0
3379     0     0     0     0
3381     0     0     0     0
3383     0     0     0     0
3385     0     0     0     0
3387     0     0     0     0
3389     0     0     0     0
3391     0     0     0     0
3393     0     0     0     0
3395     0     0     0     0
3397     0     0     0     0
3399     0     0     0     0
3401     0     0     0     0
3403     0     0     0     0
3405     0     0     0     0
3407     0     0     0     0
3409     0     0     0     0
3411     0     0     0     0
3413     0     0     0     0
3415     0     0     0     0
3417     0     0     0     0
3419     0     0     0     0
3421     0     0     0     0
3423     0     0     0     0
3425     0     0     0     0
3427     0     0     0     0
3429     0     0     0     0
3431     0     0     0     0
3433     0     0     0     0
3435     0     0     0     0
3437     0     0     0     0
3439     0     0     0     0
3441     0     0     0     0
3443     0     0     0     0
3445     0     0     0     0
3447     0     0     0     0
3449     0     0     0     0
3451     0     0     0     0
3453     0     0     0     0
3455     0     0     0     0
3457     0     0     0     0
3459     0     0     0     0
3461     0     0     0     0
3463     0     0     0     0
3465     0     0     0     0
3467     0     0     0     0
3469     0     0     0     0
3471     0     0     0     0
3473     0     0     0     0
3475     0     0     0     0
3477     0     0     0     0
3479     0     0     0     0
3481     0     0     0     0
3483     0     0     0     0
3485     0     0     0     0
3487     0     0     0     0
3489     0     0     0     0
3491     0     0     0     0
3493     0     0     0     0
3495     0     0     0     0
3497     0     0     0     0
3499     0     0     0     0
3501     0     0     0     0
3503     0     0     0     0
3505     0     0     0     0
3507     0     0     0     0
3509     0     0     0     0
3511     0     0     0     0
3513     0     0     0     0
3515     0     0     0     0
3517     0     0     0     0
3519     0     0     0     0
3521     0     0     0     0
3523     0     0     0     0
3525     0     0     0     0
3527     0     0     0     0
3529     0     0     0     0
3531     0     0     0     0
3533     0     0     0     0
3535     0     0     0     0
3537     0     0     0     0
3539     0     0     0     0
3541     0     0     0     0
3543     0     0     0     0
3545     0     0     0     0
3547     0     0     0     0
3549     0     0     0     0
3551     0     0     0     0
3553     0     0     0     0
3555     0     0     0     0
3557     0     0     0     0
3559     0     0     0     0
3561     0     0     0     0
3563     0     0     0     0
3565     0     0     0     0
3567     0     0     0     0
3569     0     0     0     0
3571     0     0     0     0
3573     0     0     0     0
3575     0     0     0     0
3577     0     0     0     0
3579     0     0     0     0
3581     0     0     0     0
3583     0     0     0     0
3585     0     0     0     0
3587     0     0     0     0
3589     0     0     0     0
3591     0     0     0     0
3593     0     0     0     0
3595     0     0     0     0
3597     0     0     0     0
3599     0     0     0     0
3601     0     0     0     0
3603     0     0     0     0
3605     0     0     0     0
3607     0     0     0     0
3609     0     0     0     0
3611     0     0     0     0
3613     0     0     0     0
3615     0     0     0     0
3617     0     0     0     0
3619     0     0     0     0
3621     0     0     0     0
3623     0     0     0     0
3625     0     0     0     0
3627     0     0     0     0
3629     0     0     0     0
3631     0     0     0     0
3633     0     0     0     0
3635     0     0     0     0
3637     0     0     0     0
3639     0     0     0     0
3641     0     0     0     0
3643     0     0     0     0
3645     0     0     0     0
3647     0     0     0     0
3649     0     0     0     0
3651     0     0     0     0
3653     0     0     0     0
3655     0     0     0     0
3657     0     0     0     0
3659     0     0     0     0
3661     0     0     0     0
3663     0     0     0     0
3665     0     0     0     0
3667     0     0     0     0
3669     0     0     0     0
3671     0     0     0     0
3673     0     0     0     0
3675     0     0     0     0
3677     0     0     0     0
3679     0     0     0     0
3681     0     0     0     0
3683     0     0     0     0
3685     0     0     0     0
3687     0     0     0     0
3689     0     0     0     0
3691     0     0     0     0
3693     0     0     0     0
3695     0     0     0     0
3697     0     0     0     0
3699     0     0     0     0
3701     0     0     0     0
3703     0     0     0     0
3705     0     0     0     0
3707     0     0     0     0
3709     0     0     0     0
3711     0     0     0     0
3713     0     0     0     0
3715     0     0     0     0
3717     0     0     0     0
3719     0     0     0     0
3721     0     0     0     0
3723     0     0     0     0
3725     0     0     0     0
3727     0     0     0     0
3729     0     0     0     0
3731     0     0     0     0
3733     0     0     0     0
3735     0     0     0     0
3737     0     0     0     0
3739     0     0     0     0
3741     0     0     0     0
3743     0     0     0     0
3745     0     0     0     0
3747     0     0     0     0
3749     0     0     0     0
3751     0     0     0     0
3753     0     0     0     0
3755     0     0     0     0
3757     0     0     0     0
3759     0     0     0     0
3761     0     0     0     0
3763     0     0     0     0
3765     0     0     0     0
3767     0     0     0     0
3769     0     0     0     0
3771     0     0     0     0
3773     0     0     0     0
3775     0     0     0     0
3777     0     0     0     0
3779     0     0     0     0
3781     0     0     0     0
3783     0     0     0     0
3785     0     0     0     0
3787     0     0     0     0
3789     0     0     0     0
3791     0     0     0     0
3793     0     0     0     0
3795     0     0     0     0
3797     0     0     0     0
3799     0     0     0     0
3801     0     0     0     0
3803     0     0     0     0
3805     0     0     0     0
3807     0     0     0     0
3809     0     0     0     0
3811     0     0     0     0
3813     0     0     0     0
3815     0     0     0     0
3817     0     0     0     0
3819     0     0     0     0
3821     0     0     0     0
3823     0     0     0     0
3825     0     0     0     0
3827     0     0     0     0
3829     0     0     0     0
3831     0     0     0     0
3833     0     0     0     0
3835     0     0     0     0
3837     0     0     0     0
3839     0     0     0     0
3841     0     0     0     0
3843     0     0     0     0
3845     0     0     0     0
3847     0     0     0     0
3849     0     0     0     0
3851     0     0     0     0
3853     0     0     0     0
3855     0     0     0     0
3857     0     0     0     0
3859     0     0     0     0
3861     0     0     0     0
3863     0     0     0     0
3865     0     0     0     0
3867     0     0     0     0
3869     0     0     0     0
3871     0     0     0     0
3873     0     0     0     0
3875     0     0     0     0
3877     0     0     0     0
3879     0     0     0     0
3881     0     0     0     0
3883     0     0     0     0
3885     0     0     0     0
3887     0     0     0     0
3889     0     0     0     0
3891     0     0     0     0
3893     0     0     0     0
3895     0     0     0     0
3897     0     0     0     0
3899     0     0     0     0
3901     0     0     0     0
3903     0     0     0     0
3905     0     0     0     0
3907     0     0     0     0
3909     0     0     0     0
3911     0     0     0     0
3913     0     0     0     0
3915     0     0     0     0
3917     0     0     0     0
3919     0     0     0     0
3921     0     0     0     0
3923     0     0     0     0
3925     0     0     0     0
3927     0     0     0     0
3929     0     0     0     0
3931     0     0     0     0
3933     0     0     0     0
3935     0     0     0     0
3937     0     0     0     0
3939     0     0     0     0
3941     0     0     0     0
3943     0     0     0     0
3945     0     0     0     0
3947     0     0     0     0
3949     0     0     0     0
3951     0     0     0     0
3953     0     0     0     0
3955     0     0     0     0
3957     0     0     0     0
3959     0     0     0     0
3961     0     0     0     0
3963     0     0     0     0
3965     0     0     0     0
3967     0     0     0     0
3969     0     0     0     0
3971     0     0     0     0
3973     0     0     0     0
3975     0     0     0     0
3977     0     0     0     0
3979     0     0     0     0
3981     0     0     0     0
3983     0     0     0     0
3985     0     0     0     0
3987     0     0     0     0
3989     0     0     0     0
3991     0     0     0     0
3993     0     0     0     0
3995     0     0     0     0
3997     0     0     0     0
3999     0     0     0     0
4001     0     0     0     0
4003     0     0     0     0
4005     0     0     0     0
4007     0     0     0     0
4009     0     0     0     0
4011     0     0     0     0
4013     0     0     0     0
4015     0     0     0     0
4017     0     0     0     0
4019     0     0     0     0
4021     0     0     0     0
4023     0     0     0     0
4025     0     0     0     0
4027     0     0     0     0
4029     0     0     0     0
4031     0     0     0     0
4033     0     0     0     0
4035     0     0     0     0
4037     0     0     0     0
4039     0     0     0     0
4041     0     0     0     0
4043     0     0     0     0
4045     0     0     0     0
4047     0     0     0     0
4049     0     0     0     0
4051     0     0     0     0
4053     0     0     0     0
4055     0     0     0     0
4057     0     0     0     0
4059     0     0     0     0
4061     0     0     0     0
4063     0     0     0     0
4065     0     0     0     0
4067     0     0     0     0
4069     0     0     0     0
4071     0     0     0     0
4073     0     0     0     0
4075     0     0     0     0
4077     0     0     0     0
4079     0     0     0     0
4081     0     0     0     0
4083     0     0     0     0
4085     0     0     0     0
4087     0     0     0     0
4089     0     0     0     0
4091     0     0     0     0
4093     0     0     0     0
4095     0     0     0     0
4097     0     0     0     0
4099     0     0     0     0
4101     0     0     0     0
4103     0     0     0     0
4105     0     0     0     0
4107     0     0     0     0
4109     0     0     0     0
4111     0     0     0     0
4113     0     0     0     0
4115     0     0     0     0
4117     0     0     0     0
4119     0     0     0     0
4121     0     0     0     0
4123     0     0     0     0
4125     0     0     0     0
4127     0     0     0     0
4129     0     0     0     0
4131     0     0     0     0
4133     0     0     0     0
4135     0     0     0     0
4137     0     0     0     0
4139     0     0     0     0
4141     0     0     0     0
4143     0     0     0     0
4145     0     0     0     0
4147     0     0     0     0
4149     0     0     0     0
4151     0     0     0     0
4153     0     0     0     0
4155     0     0     0     0
4157     0     0     0     0
4159     0     0     0     0
4161     0     0     0     0
4163     0     0     0     0
4165     0     0     0     0
4167     0     0     0     0
4169     0     0     0     0
4171     0     0     0     0
4173     0     0     0     0
4175     0     0     0     0
4177     0     0     0     0
4179     0     0     0     0
4181     0     0     0     0
4183     0     0     0     0
4185     0     0     0     0
4187     0     0     0     0
4189     0     0     0     0
4191     0     0     0     0
4193     0     0     0     0
4195     0     0     0     0
4197     0     0     0     0
4199     0     0     0     0
4201     0     0     0     0
4203     0     0     0     0
4205     0     0     0     0
4207     0     0     0     0
4209     0     0     0     0
4211     0     0     0     0
4213     0     0     0     0
4215     0     0     0     0
4217     0     0     0     0
4219     0     0     0     0
4221     0     0     0     0
4223     0     0     0     0
4225     0     0     0     0
4227     0     0     0     0
4229     0     0     0     0
4231     0     0     0     0
4233     0     0     0     0
4235     0     0     0     0
4237     0     0     0     0
4239     0     0     0     0
4241     0     0     0     0
4243     0     0     0     0
4245     0     0     0     0
4247     0     0     0     0
4249     0     0     0     0
4251     0     0     0     0
4253     0     0     0     0
4255     0     0     0     0
4257     0     0     0     0
4259     0     0     0     0
4261     0     0     0     0
4263     0     0     0     0
4265     0     0     0     0
4267     0     0     0     0
4269     0     0     0     0
4271     0     0     0     0
4273     0     0     0     0
4275     0     0     0     0
4277     0     0     0     0
4279     0     0     0     0
4281     0     0     0     0
4283     0     0     0     0
4285     0     0     0     0
4287     0     0     0     0
4289     0     0     0     0
4291     0     0     0     0
4293     0     0     0     0
4295     0     0     0     0
4297     0     0     0     0
4299     0     0     0     0
4301     0     0     0     0
4303     0     0     0     0
4305     0     0     0     0
4307     0     0     0     0
4309     0     0     0     0
4311     0     0     0     0
4313     0     0     0     0
4315     0     0     0     0
4317     0     0     0     0
4319     0     0     0     0
4321     0     0     0     0
4323     0     0     0     0
4325     0     0     0     0
4327     0     0     0     0
4329     0     0     0     0
4331     0     0     0     0
4333     0     0     0     0
4335     0     0     0     0
4337     0     0     0     0
4339     0     0     0     0
4341     0     0     0     0
4343     0     0     0     0
4345     0     0     0     0
4347     0     0     0     0
4349     0     0     0     0
4351     0     0     0     0
4353     0     0     0     0
4355     0     0     0     0
4357     0     0     0     0
4359     0     0     0     0
4361     0     0     0     0
4363     0     0     0     0
4365     0     0     0     0
4367     0     0     0     0
4369     0     0     0     0
4371     0     0     0     0
4373     0     0     0     0
4375     0     0     0     0
4377     0     0     0     0
4379     0     0     0     0
4381     0     0     0     0
4383     0     0     0     0
4385     0     0     0     0
4387     0     0     0     0
4389     0     0     0     0
4391     0     0     0     0
4393     0     0     0     0
4395     0     0     0     0
4397     0     0     0     0
4399     0     0     0     0
4401     0     0     0     0
4403     0     0     0     0
4405     0     0     0     0
4407     0     0     0     0
4409     0     0     0     0
4411     0     0     0     0
4413     0     0     0     0
4415     0     0     0     0
4417     0     0     0     0
4419     0     0     0     0
4421     0     0     0     0
4423     0     0     0     0
4425     0     0     0     0
4427     0     0     0     0
4429     0     0     0     0
4431     0     0     0     0
4433     0     0     0     0
4435     0     0     0     0
4437     0     0     0     0
4439     0     0     0     0
4441     0     0     0     0
4443     0     0     0     0
4445     0     0     0     0
4447     0     0     0     0
4449     0     0     0     0
4451     0     0     0     0
4453     0     0     0     0
4455     0     0     0     0
4457     0     0     0     0
4459     0     0     0     0
4461     0     0     0     0
4463     0     0     0     0
4465     0     0     0     0
4467     0     0     0     0
4469     0     0     0     0
4471     0     0     0     0
4473     0     0     0     0
4475     0     0     0     0
4477     0     0     0     0
4479     0     0     0     0
4481     0     0     0     0
4483     0     0     0     0
4485     0     0     0     0
4487     0     0     0     0
4489     0     0     0     0
4491     0     0     0     0
4493     0     0     0     0
4495     0     0     0     0
4497     0     0     0     0
4499     0     0     0     0
4501     0     0     0     0
4503     0     0     0     0
4505     0     0     0     0
4507     0     0     0     0
4509     0     0     0     0
4511     0     0     0     0
4513     0     0     0     0
4515     0     0     0     0
4517     0     0     0     0
4519     0     0     0     0
4521     0     0     0     0
4523     0     0     0     0
4525     0     0     0     0
4527     0     0     0     0
4529     0     0     0     0
4531     0     0     0     0
4533     0     0     0     0
4535     0     0     0     0
4537     0     0     0     0
4539     0     0     0     0
4541     0     0     0     0
4543     0     0     0     0
4545     0     0     0     0
4547     0     0     0     0
4549     0     0     0     0
4551     0     0     0     0
4553     0     0     0     0
4555     0     0     0     0
4557     0     0     0     0
4559     0     0     0     0
4561     0     0     0     0
4563     0     0     0     0
4565     0     0     0     0
4567     0     0     0     0
4569     0     0     0     0
4571     0     0     0     0
4573     0     0     0     0
4575     0     0     0     0
4577     0     0     0     0
4579     0     0     0     0
4581     0     0     0     0
4583     0     0     0     0
4585     0     0     0     0
4587     0     0     0     0
4589     0     0     0     0
4591     0     0     0     0
4593     0     0     0     0
4595     0     0     0     0
4597     0     0     0     0
4599     0     0     0     0
4601     0     0     0     0
4603     0     0     0     0
4605     0     0     0     0
4607     0     0     0     0
4609     0     0     0     0
4611     0     0     0     0
4613     0     0     0     0
4615     0     0     0     0
4617     0     0     0     0
4619     0     0     0     0
4621     0     0     0     0
4623     0     0     0     0
4625     0     0     0     0
4627     0     0     0     0
4629     0     0     0     0
4631     0     0     0     0
4633     0     0     0     0
4635     0     0     0     0
4637     0     0     0     0
4639     0     0     0     0
4641     0     0     0     0
4643     0     0     0     0
4645     0     0     0     0
4647     0     0     0     0
4649     0     0     0     0
4651     0     0     0     0
4653     0     0     0     0
4655     0     0     0     0
4657     0     0     0     0
4659     0     0     0     0
4661     0     0     0     0
4663     0     0     0     0
4665     0     0     0     0
4667     0     0     0     0
4669     0     0     0     0
4671     0     0     0     0
4673     0     0     0     0
4675     0     0     0     0
4677     0     0     0     0
4679     0     0     0     0
4681     0     0     0     0
4683     0     0     0     0
4685     0     0     0     0
4687     0     0     0     0
4689     0     0     0     0
4691     0     0     0     0
4693     0     0     0     0
4695     0     0     0     0
4697     0     0     0     0
4699     0     0     0     0
4701     0     0     0     0
4703     0     0     0     0
4705     0     0     0     0
4707     0     0     0     0
4709     0     0     0     0
4711     0     0     0     0
4713     0     0     0     0
4715     0     0     0     0
4717     0     0     0     0
4719     0     0     0     0
4721     0     0     0     0
4723     0     0     0     0
4725     0     0     0     0
4727     0     0     0     0
4729     0     0     0     0
4731     0     0     0     0
4733     0     0     0     0
4735     0     0     0     0
4737     0     0     0     0
4739     0     0     0     0
4741     0     0     0     0
4743     0     0     0     0
4745     0     0     0     0
4747     0     0     0     0
4749     0     0     0     0
4751     0     0     0     0
4753     0     0     0     0
4755     0     0     0     0
4757     0     0     0     0
4759     0     0     0     0
4761     0     0     0     0
4763     0     0     0     0
4765     0     0     0     0
4767     0     0     0     0
4769     0     0     0     0
4771     0     0     0     0
4773     0     0     0     0
4775     0     0     0     0
4777     0     0     0     0
4779     0     0     0     0
4781     0     0     0     0
4783     0     0     0     0
4785     0     0     0     0
4787     0     0     0     0
4789     0     0     0     0
4791     0     0     0     0
4793     0     0     0     0
4795     0     0     0     0
4797     0     0     0     0
4799     0     0     0     0
4801     0     0     0     0
4803     0     0     0     0
4805     0     0     0     0
4807     0     0     0     0
4809     0     0     0     0
4811     0     0     0     0
4813     0     0     0     0
4815     0     0     0     0
4817     0     0     0     0
4819     0     0     0     0
4821     0     0     0     0
4823     0     0     0     0
4825     0     0     0     0
4827     0     0     0     0
4829     0     0     0     0
4831     0     0     0     0
4833     0     0     0     0
4835     0     0     0     0
4837     0     0     0     0
4839     0     0     0     0
4841     0     0     0     0
4843     0     0     0     0
4845     0     0     0     0
4847     0     0     0     0
4849     0     0     0     0
4851     0     0     0     0
4853     0     0     0     0
4855     0     0     0     0
4857     0     0     0     0
4859     0     0     0     0
4861     0     0     0     0
4863     0     0     0     0
4865     0     0     0     0
4867     0     0     0     0
4869     0     0     0     0
4871     0     0     0     0
4873     0     0     0     0
4875     0     0     0     0
4877     0     0     0     0
4879     0     0     0     0
4881     0     0     0     0
4883     0     0     0     0
4885     0     0     0     0
4887     0     0     0     0
4889     0     0     0     0
4891     0     0     0     0
4893     0     0     0     0
4895     0     0     0     0
4897     0     0     0     0
4899     0     0     0     0
4901     0     0     0     0
4903     0     0     0     0
4905     0     0     0     0
4907     0     0     0     0
4909     0     0     0     0
4911     0     0     0     0
4913     0     0     0     0
4915     0     0     0     0
4917     0     0     0     0
4919     0     0     0     0
4921     0     0     0     0
4923     0     0     0     0
4925     0     0     0     0
4927     0     0     0     0
4929     0     0     0     0
4931     0     0     0     0
4933     0     0     0     0
4935     0     0     0     0
4937     0     0     0     0
4939     0     0     0     0
4941     0     0     0     0
4943     0     0     0     0
4945     0     0     0     0
4947     0     0     0     0
4949     0     0     0     0
4951     0     0     0     0
4953     0     0     0     0
4955     0     0     0     0
4957     0     0     0     0
4959     0     0     0     0
4961     0     0     0     0
4963     0     0     0     0
4965     0     0     0     0
4967     0     0     0     0
4969     0     0     0     0
4971     0     0     0     0
4973     0     0     0     0
4975     0     0     0     0
4977     0     0     0     0
4979     0     0     0     0
4981     0     0     0     0
4983     0     0     0     0
4985     0     0     0     0
4987     0     0     0     0
4989     0     0     0     0
4991     0     0     0     0
4993     0     0     0     0
4995     0     0     0     0
4997     0     0     0     0
4999     0     0     0     0
