# BEGIN PLOT
Title=
Legend=1
LogY=1
DrawOnly=h_jety
XLabel=|y_{jet}|
YLabel=
# END PLOT

# BEGIN HISTOGRAM h_jety
LineColor=black
ErrorBars=1
PolyMarker=*
Title=
0.00000000e+00	2.00000000e-01	7.02070000e+04	2.64966036e+02	2.64966036e+02
2.00000000e-01	4.00000000e-01	6.94720000e+04	2.63575416e+02	2.63575416e+02
4.00000000e-01	6.00000000e-01	6.63590000e+04	2.57602407e+02	2.57602407e+02
6.00000000e-01	8.00000000e-01	6.29100000e+04	2.50818660e+02	2.50818660e+02
8.00000000e-01	1.00000000e+00	5.81050000e+04	2.41049787e+02	2.41049787e+02
1.00000000e+00	1.20000000e+00	5.25510000e+04	2.29240049e+02	2.29240049e+02
1.20000000e+00	1.40000000e+00	4.73330000e+04	2.17561486e+02	2.17561486e+02
1.40000000e+00	1.60000000e+00	4.12910000e+04	2.03201870e+02	2.03201870e+02
1.60000000e+00	1.80000000e+00	3.47540000e+04	1.86424247e+02	1.86424247e+02
1.80000000e+00	2.00000000e+00	2.94940000e+04	1.71738173e+02	1.71738173e+02
2.00000000e+00	2.20000000e+00	2.38920000e+04	1.54570372e+02	1.54570372e+02
2.20000000e+00	2.40000000e+00	1.72150000e+04	1.31205945e+02	1.31205945e+02
2.40000000e+00	2.60000000e+00	0.00000000e+00	0.00000000e+00	0.00000000e+00
2.60000000e+00	2.80000000e+00	0.00000000e+00	0.00000000e+00	0.00000000e+00
2.80000000e+00	3.00000000e+00	0.00000000e+00	0.00000000e+00	0.00000000e+00
# END HISTOGRAM

# BEGIN PLOT
Title=
Legend=1
LogY=1
DrawOnly=h_yB
XLabel=0.5|y_{Z}+y_{jet}|
YLabel=
# END PLOT

# BEGIN HISTOGRAM h_yB
LineColor=black
ErrorBars=1
PolyMarker=*
Title=
0.00000000e+00	2.00000000e-01	8.75460000e+04	2.95881733e+02	2.95881733e+02
2.00000000e-01	4.00000000e-01	8.48060000e+04	2.91214697e+02	2.91214697e+02
4.00000000e-01	6.00000000e-01	8.11380000e+04	2.84847328e+02	2.84847328e+02
6.00000000e-01	8.00000000e-01	7.58490000e+04	2.75406972e+02	2.75406972e+02
8.00000000e-01	1.00000000e+00	6.89140000e+04	2.62514761e+02	2.62514761e+02
1.00000000e+00	1.20000000e+00	5.81380000e+04	2.41118228e+02	2.41118228e+02
1.20000000e+00	1.40000000e+00	4.76050000e+04	2.18185701e+02	2.18185701e+02
1.40000000e+00	1.60000000e+00	3.50700000e+04	1.87269859e+02	1.87269859e+02
1.60000000e+00	1.80000000e+00	2.21030000e+04	1.48670777e+02	1.48670777e+02
1.80000000e+00	2.00000000e+00	1.01630000e+04	1.00811706e+02	1.00811706e+02
2.00000000e+00	2.20000000e+00	2.24000000e+03	4.73286383e+01	4.73286383e+01
2.20000000e+00	2.40000000e+00	1.10000000e+01	3.31662479e+00	3.31662479e+00
2.40000000e+00	2.60000000e+00	0.00000000e+00	0.00000000e+00	0.00000000e+00
2.60000000e+00	2.80000000e+00	0.00000000e+00	0.00000000e+00	0.00000000e+00
2.80000000e+00	3.00000000e+00	0.00000000e+00	0.00000000e+00	0.00000000e+00
# END HISTOGRAM

# BEGIN PLOT
Title=
Legend=1
LogY=1
DrawOnly=h_ystar
XLabel=0.5|y_{Z}-y_{jet}|
YLabel=
# END PLOT

# BEGIN HISTOGRAM h_ystar
LineColor=black
ErrorBars=1
PolyMarker=*
Title=
0.00000000e+00	2.00000000e-01	1.62711000e+05	4.03374516e+02	4.03374516e+02
2.00000000e-01	4.00000000e-01	1.42334000e+05	3.77271785e+02	3.77271785e+02
4.00000000e-01	6.00000000e-01	1.11200000e+05	3.33466640e+02	3.33466640e+02
6.00000000e-01	8.00000000e-01	7.43330000e+04	2.72640789e+02	2.72640789e+02
8.00000000e-01	1.00000000e+00	4.20510000e+04	2.05063405e+02	2.05063405e+02
1.00000000e+00	1.20000000e+00	2.23390000e+04	1.49462370e+02	1.49462370e+02
1.20000000e+00	1.40000000e+00	1.10450000e+04	1.05095195e+02	1.05095195e+02
1.40000000e+00	1.60000000e+00	4.95700000e+03	7.04059657e+01	7.04059657e+01
1.60000000e+00	1.80000000e+00	1.90000000e+03	4.35889894e+01	4.35889894e+01
1.80000000e+00	2.00000000e+00	6.21000000e+02	2.49198716e+01	2.49198716e+01
2.00000000e+00	2.20000000e+00	9.20000000e+01	9.59166305e+00	9.59166305e+00
2.20000000e+00	2.40000000e+00	0.00000000e+00	0.00000000e+00	0.00000000e+00
2.40000000e+00	2.60000000e+00	0.00000000e+00	0.00000000e+00	0.00000000e+00
2.60000000e+00	2.80000000e+00	0.00000000e+00	0.00000000e+00	0.00000000e+00
2.80000000e+00	3.00000000e+00	0.00000000e+00	0.00000000e+00	0.00000000e+00
# END HISTOGRAM

# BEGIN PLOT
Title=
Legend=1
LogY=1
DrawOnly=h_zy
XLabel=|y_{Z}|
YLabel=
# END PLOT

# BEGIN HISTOGRAM h_zy
LineColor=black
ErrorBars=1
PolyMarker=*
Title=
0.00000000e+00	2.00000000e-01	7.56040000e+04	2.74961816e+02	2.74961816e+02
2.00000000e-01	4.00000000e-01	7.45290000e+04	2.73000000e+02	2.73000000e+02
4.00000000e-01	6.00000000e-01	7.42380000e+04	2.72466512e+02	2.72466512e+02
6.00000000e-01	8.00000000e-01	7.32700000e+04	2.70684318e+02	2.70684318e+02
8.00000000e-01	1.00000000e+00	6.87820000e+04	2.62263227e+02	2.62263227e+02
1.00000000e+00	1.20000000e+00	6.20870000e+04	2.49172631e+02	2.49172631e+02
1.20000000e+00	1.40000000e+00	5.34670000e+04	2.31229323e+02	2.31229323e+02
1.40000000e+00	1.60000000e+00	4.36710000e+04	2.08976075e+02	2.08976075e+02
1.60000000e+00	1.80000000e+00	3.06980000e+04	1.75208447e+02	1.75208447e+02
1.80000000e+00	2.00000000e+00	1.53330000e+04	1.23826492e+02	1.23826492e+02
2.00000000e+00	2.20000000e+00	1.90400000e+03	4.36348485e+01	4.36348485e+01
2.20000000e+00	2.40000000e+00	0.00000000e+00	0.00000000e+00	0.00000000e+00
2.40000000e+00	2.60000000e+00	0.00000000e+00	0.00000000e+00	0.00000000e+00
2.60000000e+00	2.80000000e+00	0.00000000e+00	0.00000000e+00	0.00000000e+00
2.80000000e+00	3.00000000e+00	0.00000000e+00	0.00000000e+00	0.00000000e+00
# END HISTOGRAM

